chr	start	end	size	gene	D09-468	D12-880	D12-881	D12-928	D13-708	D13-944	D14-0589	D15-0055	D15-1048	D15-1050	D15-1762	D15-1768	D16-0208	D16-0298	D17-0918	D18-0051	D18-0870	D18-1122	D18-1921	D19-0714	D19-0823	D19-0824	D19-0825	D19-1647	D19-1648	D19-1649	D20-0414	D20-0418	D20-0819	D20-1019	D20-1040	D21-0013	D21-0023	D21-0024	D21-0068	D21-0069	D21-0074	D21-0075	D21-0076	D21-0077	D21-0078	D21-0079	D21-0083	D21-0084	D21-0085	D21-0091	D22-0006	D22-0007	D22-0008	D22-0015	D22-0017	D22-0018	D22-0049	D22-0050	D22-0056	D22-0060	D22-0074	D22-0075	D22-0080	D22-0081	D22-0082	D22-0088	D22-0089	D22-0109	D22-0110	D22-0119	D22-0159	D22-0161	D22-0162	D22-0170	D23-0058	D23-0059	D23-0060	DGS-20-210
chr1	450246	486181	35935	AGRN	52.79	23.19	36.30	27.24	31.07	28.13	25.83	52.12	52.58	49.82	45.31	58.38	29.45	37.16	31.94	29.78	31.54	28.00	31.41	32.39	33.93	32.00	39.49	35.11	38.67	38.36	37.03	46.90	47.52	22.57	26.00	32.69	44.90	37.15	34.72	46.03	34.55	29.46	48.57	32.53	40.33	40.13	25.63	27.49	32.79	46.20	44.36	39.94	29.01	60.10	44.49	57.65	27.78	25.75	29.29	27.78	24.45	25.55	26.36	31.22	31.26	25.22	29.36	38.09	35.88	29.95	30.01	29.87	30.26	32.22	41.49	40.69	37.84	52.03
chr1	660693	663498	2805	B3GALT6	62.58	24.70	42.76	30.86	29.67	29.26	29.18	46.79	45.95	44.38	51.28	60.48	33.01	47.64	35.92	34.56	40.51	29.63	36.58	40.80	41.36	32.45	50.85	33.05	45.79	38.85	37.74	47.17	51.92	25.69	26.67	40.29	50.96	43.48	40.20	52.33	36.49	29.12	52.64	37.87	46.45	48.56	30.76	30.33	37.59	54.93	47.67	49.13	32.19	60.26	48.89	58.59	34.75	32.30	35.46	31.21	27.19	29.57	29.59	37.13	35.04	32.39	37.65	41.05	39.47	34.07	34.69	31.20	38.84	32.08	42.38	45.14	45.09	50.42
chr1	870049	877242	7193	VWA1	54.08	26.35	40.79	33.01	32.43	30.77	29.81	50.57	49.36	45.17	48.69	61.35	34.59	38.44	34.47	32.38	35.18	30.26	33.80	33.00	37.22	35.99	45.76	38.71	41.74	40.70	35.35	48.86	50.23	24.42	28.67	37.14	47.60	38.92	37.37	49.06	36.44	30.73	50.66	32.74	42.84	42.54	28.46	29.18	36.40	48.47	47.75	42.42	32.14	57.95	47.48	59.79	28.99	31.63	32.49	31.55	25.08	29.52	28.57	32.79	34.20	28.71	34.82	41.89	40.69	32.72	31.16	33.99	32.92	35.82	42.59	42.74	42.53	54.29
chr1	969281	975128	5847	TMEM240	50.29	21.06	31.98	24.62	28.90	25.95	24.61	47.81	49.02	48.82	43.00	58.77	28.47	38.02	30.60	29.96	31.96	26.48	31.48	33.25	34.60	29.73	39.55	34.43	41.81	38.27	36.98	45.79	44.81	22.71	28.55	31.99	44.23	37.94	34.52	44.48	33.94	26.52	46.14	31.94	38.57	40.18	23.95	27.65	34.89	42.79	42.15	38.58	29.58	55.22	45.42	57.64	27.71	26.44	29.05	27.62	24.50	23.90	25.42	31.16	30.42	24.15	29.96	39.80	35.06	30.24	30.14	29.85	34.04	29.38	39.82	39.79	34.70	55.84
chr1	1843563	1853417	9854	PEX10	58.98	25.86	38.82	31.29	34.44	28.12	31.59	55.93	55.30	51.94	51.51	62.04	39.23	41.85	36.84	35.00	35.86	28.83	34.64	36.48	39.91	36.34	47.74	39.60	42.39	40.86	36.33	50.13	51.98	25.26	32.73	36.43	43.89	39.19	40.31	49.81	38.86	33.60	55.87	34.94	45.22	45.32	28.36	32.07	36.77	54.30	47.68	50.10	36.10	62.85	44.58	59.30	29.60	30.37	33.46	31.95	32.35	31.53	31.25	37.49	36.95	31.31	38.20	44.31	40.63	35.92	35.11	35.58	36.23	36.01	46.81	45.79	42.70	56.60
chr1	5772996	5786742	13746	GPR153	54.10	25.10	34.96	28.28	32.12	27.16	26.37	52.18	50.74	50.28	45.27	58.97	34.39	40.44	35.76	32.01	32.23	27.62	33.32	33.94	35.33	33.82	42.52	34.61	39.41	37.66	34.90	43.86	51.21	25.12	30.17	34.62	43.57	37.54	35.45	43.16	37.19	30.72	51.41	33.20	42.29	39.95	27.63	29.45	36.72	50.62	43.34	48.15	32.47	54.18	44.35	53.53	29.35	30.05	33.10	28.09	27.78	29.60	28.29	34.07	33.24	32.06	33.72	38.74	37.11	33.31	34.45	33.77	35.05	31.23	43.22	41.42	38.10	47.68
chr1	5992763	6045736	52973	PLEKHG5	54.63	24.83	36.24	27.89	33.30	29.65	27.73	54.06	52.37	52.61	46.42	59.69	36.44	40.32	35.94	32.63	33.53	29.06	34.41	34.10	35.23	33.26	42.97	36.45	40.51	38.32	35.87	46.61	50.04	25.30	30.65	34.85	42.58	37.41	36.43	45.11	36.60	31.84	53.44	33.61	42.50	42.08	28.18	30.82	36.50	49.57	43.78	47.03	32.94	54.61	42.22	54.23	28.08	29.13	31.65	29.29	29.33	30.15	28.28	34.40	33.98	30.37	35.69	40.90	38.51	35.06	34.49	32.73	34.27	33.78	43.73	42.48	41.81	51.47
chr1	6313293	7300752	987459	CAMTA1	57.34	26.11	33.56	29.37	35.73	30.38	30.52	53.12	49.77	50.03	45.83	61.18	42.16	42.52	41.04	34.44	36.40	31.06	34.29	34.71	35.85	35.02	48.20	37.90	42.15	40.33	34.78	44.29	54.07	29.54	34.47	37.60	40.72	37.88	37.09	47.48	38.15	35.21	55.36	35.11	44.62	44.44	32.39	34.65	39.47	55.42	44.93	51.46	38.41	49.55	40.74	48.62	31.10	31.98	34.87	32.67	35.12	34.38	33.32	39.29	37.76	36.74	41.77	44.96	42.03	42.07	40.26	38.32	39.83	35.44	48.81	44.85	44.36	48.23
chr1	7492674	7516444	23770	PARK7	55.74	24.69	31.01	28.05	35.89	30.74	28.95	51.55	48.13	49.49	45.79	60.52	44.58	45.05	44.23	34.66	36.05	31.52	34.88	34.78	37.48	34.30	48.83	40.70	43.78	40.29	33.03	43.37	54.76	30.06	35.42	37.76	41.36	37.10	36.50	45.89	39.14	37.26	56.22	34.65	44.17	45.04	32.81	34.40	40.83	56.40	44.49	54.52	39.69	48.37	39.69	47.23	31.90	31.05	34.15	33.65	36.71	35.11	35.30	41.64	37.94	38.10	43.07	44.99	42.77	43.30	41.89	39.59	40.74	36.11	49.10	45.21	44.67	49.70
chr1	9754178	9925204	171026	KIF1B	57.46	24.72	31.55	28.64	36.32	31.03	29.23	52.63	47.42	48.61	46.21	62.06	45.73	43.39	44.36	35.80	37.36	32.21	35.05	35.09	37.12	35.63	48.28	39.16	42.90	41.20	33.62	42.72	55.39	31.31	36.35	38.18	40.53	37.24	37.21	47.05	39.15	36.60	56.91	35.61	45.25	45.10	33.44	36.52	41.96	57.92	45.28	54.12	41.03	45.63	41.14	45.50	32.77	31.89	34.47	33.42	36.95	35.50	35.42	41.14	39.33	40.04	44.97	46.69	43.59	46.79	42.85	40.81	42.08	36.30	50.23	46.11	45.68	46.60
chr1	10553913	10566770	12857	TARDBP	57.39	26.88	34.52	28.52	36.15	30.55	29.22	53.48	47.25	48.42	44.99	64.25	44.51	43.16	45.56	35.87	37.14	30.05	36.74	33.99	36.78	35.77	48.94	38.64	43.68	40.80	35.32	44.29	57.17	31.13	36.05	38.98	40.97	39.53	39.37	45.08	38.29	36.43	58.04	36.62	46.80	45.73	32.99	34.05	41.14	57.91	44.14	50.78	38.85	49.24	40.13	45.52	32.23	31.99	35.80	34.51	34.91	34.20	35.13	42.22	39.04	39.57	42.35	47.04	43.53	46.26	42.50	39.11	40.04	34.54	48.26	46.53	45.61	48.40
chr1	11478836	11519656	40820	PLOD1	49.64	22.07	30.69	25.79	32.14	28.20	25.56	51.47	49.62	47.32	43.00	54.49	36.98	39.97	37.06	31.70	32.03	28.47	32.00	31.44	33.65	32.31	42.73	35.81	39.12	36.80	33.89	42.42	46.84	26.25	30.49	33.33	39.24	36.13	33.24	40.06	35.93	31.72	51.21	32.64	43.45	41.14	27.28	30.73	35.61	49.29	40.57	49.11	32.60	47.73	39.14	46.88	27.71	27.91	29.81	28.22	30.43	30.25	27.11	33.57	32.62	31.47	36.03	40.75	38.49	36.39	34.84	32.79	34.34	32.26	43.35	40.56	39.90	46.59
chr1	11524562	11557644	33082	MFN2	54.92	24.59	33.65	27.77	35.36	29.97	28.91	51.83	50.14	48.75	44.93	59.71	39.78	43.52	41.63	34.06	36.61	30.61	34.08	35.45	36.37	33.75	44.44	37.72	42.05	39.41	35.10	44.25	52.50	28.43	33.75	36.07	41.70	36.87	35.25	44.57	37.36	33.94	56.07	34.93	46.21	44.90	30.53	32.88	37.77	53.07	43.00	53.39	36.17	50.48	42.54	51.70	29.52	29.49	33.81	31.59	33.98	32.07	31.46	38.03	37.13	35.09	39.52	45.08	41.04	40.26	37.99	36.66	37.40	35.35	45.73	42.62	43.18	48.77
chr1	11774165	12056190	282025	VPS13D	58.94	25.99	32.18	29.86	36.28	31.52	31.72	52.46	48.77	49.01	46.49	62.92	44.93	43.27	43.74	36.01	38.04	31.98	35.19	34.76	36.50	36.10	50.06	39.46	43.51	41.56	33.39	43.02	55.35	31.24	36.79	39.19	41.69	37.50	38.82	48.03	39.11	36.40	56.76	35.49	45.98	45.18	34.03	36.74	41.73	58.96	45.56	51.47	41.95	46.96	41.44	45.88	32.61	32.85	34.55	34.40	37.29	36.19	35.87	41.90	39.84	39.66	45.10	47.33	44.30	46.74	42.98	41.91	42.82	36.51	50.52	46.65	46.55	46.82
chr1	16796380	16822349	25969	ATP13A2	54.75	23.34	33.88	27.58	33.29	29.22	25.96	55.24	50.69	50.51	46.05	58.19	37.05	41.43	35.69	31.56	34.65	29.80	34.43	35.41	36.48	31.90	43.44	35.67	40.38	38.24	35.63	44.11	51.03	26.59	31.13	33.74	42.99	36.78	35.17	44.59	36.81	31.59	51.36	33.89	44.12	43.32	27.96	31.39	35.80	50.91	43.91	48.71	32.90	53.32	43.06	52.29	28.92	28.35	32.72	29.16	30.43	30.41	30.00	33.75	32.84	30.68	36.23	43.39	40.80	34.30	35.90	33.80	35.73	35.74	43.48	43.85	42.01	49.69
chr1	16877197	16929905	52708	PADI2	54.03	25.19	32.93	27.81	35.22	29.12	29.38	54.89	49.62	49.80	45.00	60.21	39.39	42.48	37.71	31.61	34.67	31.23	33.88	34.46	35.07	33.22	45.76	36.07	40.04	38.95	35.18	44.22	50.80	27.14	33.40	34.40	40.66	35.73	35.69	43.67	37.59	34.33	54.73	34.76	44.43	43.50	30.09	32.58	37.37	52.31	42.97	53.10	35.32	49.96	41.27	48.72	29.97	30.73	31.92	30.56	31.78	32.88	30.80	36.25	35.48	34.20	39.04	42.28	39.95	39.37	36.39	36.52	37.18	34.76	45.99	44.69	41.03	48.43
chr1	18450907	18568930	118023	PAX7	55.29	25.24	33.94	28.36	34.39	29.38	29.33	54.22	50.73	50.84	44.78	58.59	38.92	41.10	38.35	32.95	34.54	29.29	33.00	33.60	35.42	33.92	45.53	36.67	40.70	39.00	35.04	44.65	50.78	27.13	32.25	35.30	41.84	37.39	34.99	45.08	36.66	33.83	53.76	33.75	44.36	43.15	30.25	31.76	37.02	52.83	43.74	52.01	35.91	50.59	40.68	50.20	29.57	30.04	34.21	30.74	32.73	32.08	31.61	36.44	35.71	33.89	38.92	42.21	39.19	38.30	37.30	35.19	37.00	33.87	46.04	43.00	41.78	49.25
chr1	20459648	20477706	18058	PINK1	55.85	25.67	33.45	29.61	33.81	30.37	29.38	52.80	49.13	49.34	44.86	60.42	40.70	42.64	41.13	33.10	34.79	31.48	35.63	35.03	35.83	34.16	44.08	36.07	41.49	39.82	34.71	43.20	53.06	28.50	33.45	37.63	43.74	35.56	36.78	44.08	37.91	34.14	55.31	35.87	45.70	42.62	31.09	33.21	38.65	53.71	43.52	53.14	36.41	49.18	41.51	50.28	29.13	31.15	33.19	31.44	33.54	33.15	32.35	36.90	36.68	35.98	41.19	43.29	40.78	41.08	38.16	35.60	38.00	35.38	46.65	44.79	42.84	50.39
chr1	21646051	21761123	115072	HSPG2	54.82	24.86	35.10	28.30	34.41	29.33	28.42	54.83	51.18	51.68	46.31	60.04	37.27	41.70	37.95	33.20	34.33	29.70	34.37	34.01	36.66	33.40	44.94	37.07	41.28	39.64	35.78	46.99	50.77	27.28	31.56	35.34	43.12	38.42	36.80	45.41	36.73	33.95	53.73	35.29	44.73	44.31	29.76	31.48	36.69	51.75	44.51	49.99	34.83	53.87	43.02	52.06	29.15	29.78	32.95	30.31	31.18	31.61	30.32	35.64	35.49	32.16	36.60	41.77	39.30	36.59	35.77	35.43	36.23	34.03	45.96	43.71	42.56	50.02
chr1	25637680	25655660	17980	SELENON	55.20	25.19	33.29	29.40	33.34	29.05	29.82	55.38	49.53	50.15	46.66	59.57	36.30	39.50	36.60	31.65	34.28	28.49	31.72	32.96	33.97	34.10	45.68	35.94	40.24	37.12	35.45	44.80	50.87	27.93	31.12	35.04	42.90	36.90	35.24	44.90	37.22	33.03	52.36	34.86	43.48	42.03	29.32	30.82	36.96	50.68	43.82	50.81	31.07	52.10	42.91	50.04	29.23	29.82	32.15	28.81	29.65	29.31	29.28	33.77	36.11	30.61	35.99	39.17	39.13	36.63	36.18	34.79	35.17	34.69	44.61	42.59	40.64	50.20
chr1	26938787	26996283	57496	SLC9A1	54.86	23.67	31.72	27.86	33.81	28.56	27.20	53.15	48.95	48.33	44.21	59.76	38.00	41.78	37.24	32.25	33.53	29.86	33.60	34.13	34.48	32.64	44.49	35.23	40.01	37.82	33.54	43.51	50.46	27.52	31.91	34.63	42.59	36.05	35.61	44.81	36.35	33.74	54.04	34.14	43.91	43.08	29.55	31.62	37.62	50.09	43.05	51.15	35.28	50.08	40.44	49.45	29.59	28.30	31.64	30.86	32.16	31.81	30.70	35.91	35.36	32.84	38.29	41.36	39.25	38.29	36.94	35.44	36.18	33.43	45.26	42.26	42.70	48.98
chr1	29035312	29073591	38279	MECR	56.89	25.05	32.89	27.73	35.35	29.80	29.21	51.83	49.04	49.01	47.00	60.85	42.24	44.29	40.80	34.79	36.16	31.91	35.26	36.30	35.07	35.35	46.70	37.42	41.67	39.34	34.62	43.89	54.05	30.33	35.37	36.49	41.61	37.87	36.12	45.38	38.57	35.06	56.09	35.52	45.63	44.42	32.17	34.27	39.26	55.17	43.89	54.40	38.39	49.68	41.52	50.15	31.12	31.25	34.17	32.44	35.78	33.35	33.99	39.25	37.49	37.26	43.53	46.87	41.35	42.78	40.38	39.35	40.61	36.04	48.41	44.69	44.04	47.44
chr1	30783766	30917854	134088	PUM1	58.44	25.55	30.88	28.24	35.91	30.91	29.69	51.92	47.89	48.62	46.30	62.18	44.34	42.19	43.72	35.19	36.88	31.86	33.78	33.90	36.04	35.42	48.92	38.99	42.89	40.86	33.30	42.71	55.68	30.58	36.05	38.13	40.76	37.18	38.25	48.01	38.16	35.84	56.13	34.94	45.49	44.59	33.93	36.12	41.65	57.74	44.49	51.91	40.56	45.77	40.09	44.65	32.62	31.56	33.85	32.84	36.91	35.27	35.19	41.34	38.97	38.58	43.70	46.92	44.22	45.82	43.67	42.26	43.04	36.92	50.12	45.36	45.50	46.17
chr1	32539692	32562590	22898	SYNC	52.86	23.05	30.97	24.25	34.94	28.83	28.31	51.10	47.32	46.61	42.94	59.86	41.50	42.94	39.24	33.76	34.66	30.41	32.76	34.12	35.54	33.09	45.27	36.89	40.69	38.28	33.77	40.70	50.99	28.10	34.70	34.91	39.47	35.26	34.81	40.94	36.22	34.35	54.07	34.58	43.02	43.75	31.77	33.74	37.30	53.47	42.81	51.45	36.64	48.07	39.91	46.82	30.00	30.73	31.89	29.89	33.79	33.48	32.17	37.33	35.55	36.78	40.94	43.65	40.79	41.72	38.00	38.47	37.87	34.02	45.38	43.10	42.69	44.55
chr1	32635022	32677140	42118	YARS1	54.50	23.15	32.07	27.27	35.56	30.40	28.93	52.01	48.88	48.97	44.85	59.65	42.53	42.02	42.15	34.03	36.26	30.92	34.50	35.31	34.63	32.91	46.42	38.16	40.34	39.94	34.69	43.45	52.89	29.39	35.08	36.79	41.15	35.87	35.03	43.40	38.20	35.14	54.67	34.30	43.75	44.14	31.40	34.40	39.22	55.36	44.03	52.87	38.18	48.02	40.54	46.67	31.02	30.47	33.51	31.77	34.25	33.12	33.04	38.62	36.90	37.55	41.59	44.22	42.38	42.37	40.31	38.75	39.60	35.01	48.65	45.12	44.24	47.07
chr1	32746285	32754441	8156	HPCA	54.66	24.54	36.38	28.62	35.93	29.39	30.18	55.57	53.46	50.32	48.34	59.93	36.90	40.79	36.82	33.41	35.79	27.51	34.30	35.04	35.73	33.48	43.49	35.17	40.15	39.43	37.07	47.96	51.18	26.39	30.83	34.72	43.63	38.46	36.00	47.31	35.09	33.95	53.23	31.14	43.11	44.33	28.35	34.18	36.68	48.87	45.65	49.34	35.51	53.77	42.48	50.90	30.04	30.30	32.91	29.37	29.20	32.07	28.65	34.54	34.16	32.11	36.06	42.41	37.61	35.69	35.19	33.44	35.18	34.26	44.47	42.74	41.78	52.68
chr1	34643842	34648993	5151	GJB3	56.99	24.67	34.48	30.28	34.33	30.75	28.57	56.38	55.60	50.00	44.15	56.11	37.13	40.39	35.75	31.48	30.10	27.56	29.06	30.41	34.47	33.12	47.45	35.29	41.34	41.37	36.20	43.46	48.67	27.65	33.09	35.61	44.60	36.21	36.41	46.49	35.03	32.88	53.69	32.67	41.27	39.85	32.20	33.08	36.21	49.66	44.40	48.21	34.53	48.69	40.52	50.13	28.56	30.22	31.28	32.11	30.76	32.07	29.88	36.45	34.12	31.89	37.11	41.47	40.78	37.99	36.00	36.43	33.33	33.63	44.32	42.85	41.20	51.17
chr1	35951767	35956812	5045	ADPRS	51.32	25.61	33.94	29.52	35.52	31.90	30.99	55.53	50.96	50.99	46.55	60.25	39.51	42.55	42.80	36.46	36.56	29.14	33.67	33.08	35.32	35.07	44.72	36.58	40.18	37.58	38.02	44.04	50.60	27.17	33.16	38.27	44.03	37.98	36.95	49.09	37.28	33.57	52.56	38.23	44.07	44.55	33.78	33.47	35.42	53.69	42.70	52.11	34.22	50.52	40.72	51.14	27.47	32.87	32.50	29.12	35.09	32.60	29.90	34.78	36.21	35.83	38.47	43.52	39.80	36.87	35.90	35.28	35.69	35.54	45.41	42.63	43.79	50.52
chr1	37863950	37872693	8743	FHL3	52.46	22.84	32.47	29.72	33.01	25.65	29.27	55.54	50.34	48.37	41.02	52.97	33.68	39.10	35.24	32.55	31.88	27.65	30.31	30.51	36.19	30.42	43.13	34.71	37.35	38.01	36.86	46.72	47.75	24.43	29.64	31.50	38.55	34.09	35.53	41.34	34.66	33.41	51.54	30.56	43.95	40.13	26.30	29.36	33.31	47.83	42.36	44.06	30.64	46.53	38.09	48.07	27.88	28.28	30.91	28.17	28.08	29.47	26.52	34.86	31.50	28.79	35.23	37.49	37.92	33.51	35.21	31.95	32.92	32.57	40.32	41.58	38.83	50.43
chr1	38951564	39355064	403500	MACF1	57.49	25.19	31.70	28.83	36.44	30.96	29.65	52.39	48.04	48.86	45.56	62.28	44.49	42.82	43.31	35.52	37.17	31.73	34.69	34.57	36.49	35.79	48.60	39.13	42.88	41.34	33.44	42.73	55.38	31.37	36.33	38.19	40.76	37.45	37.66	47.10	38.62	35.99	56.44	35.11	45.02	44.74	33.92	36.73	41.00	58.31	44.89	50.18	41.05	46.47	41.00	46.38	32.06	32.24	34.61	33.32	36.50	35.18	35.09	40.92	38.97	39.19	44.13	46.06	43.74	46.07	42.58	40.79	41.70	36.14	49.65	45.55	45.62	46.64
chr1	42677540	42687878	10338	SVBP	51.92	24.98	30.23	27.83	32.66	30.18	27.85	52.91	46.08	48.38	42.22	57.92	41.31	40.13	42.49	33.99	35.30	26.13	32.45	32.25	35.97	33.26	45.10	35.41	39.51	38.50	32.70	41.36	50.71	27.30	32.82	35.89	37.44	36.78	36.04	44.16	34.17	32.34	52.47	34.95	40.29	42.99	32.16	31.16	39.51	53.84	42.14	46.28	37.84	43.99	38.86	42.71	29.50	31.21	32.97	30.76	32.45	32.29	30.16	39.98	35.40	37.13	43.06	43.77	38.92	40.81	40.94	38.31	39.11	35.07	47.04	44.72	44.32	45.42
chr1	42795820	42829338	33518	SLC2A1	55.43	25.24	34.76	29.25	35.31	29.23	29.87	53.58	51.62	50.82	45.48	61.31	39.51	43.98	38.07	32.49	35.19	30.73	34.81	34.93	35.71	32.65	46.69	36.41	41.38	39.46	34.99	45.02	51.29	27.03	32.90	35.27	41.95	36.08	36.68	47.15	37.52	35.04	55.17	34.72	45.57	44.38	30.74	32.52	38.92	54.05	43.78	51.54	35.50	50.98	41.09	49.50	29.82	28.85	32.09	31.26	33.46	33.40	32.57	37.95	36.48	34.74	39.19	42.28	41.13	40.05	38.35	36.51	38.21	34.84	48.97	43.37	43.72	49.36
chr1	43867574	43902553	34979	SLC6A9	56.71	23.31	34.37	28.53	34.49	29.69	28.09	54.78	51.94	51.50	45.57	58.91	37.50	41.63	37.21	33.50	34.24	29.82	33.97	34.67	35.35	33.15	44.40	36.70	40.25	38.99	37.22	46.08	50.71	27.60	32.49	35.06	45.95	37.55	36.10	47.52	37.05	34.44	53.86	35.17	44.88	44.53	30.44	31.83	36.30	52.01	43.89	49.73	34.97	53.35	42.43	52.81	29.95	29.91	33.32	30.69	31.90	31.79	30.66	36.00	35.67	32.21	37.29	42.24	39.56	37.09	36.20	34.37	35.88	33.89	45.86	44.65	42.57	51.74
chr1	44276079	44522650	246571	RNF220	56.76	25.91	33.06	29.28	35.93	30.36	30.66	53.33	49.70	50.15	45.41	60.39	42.10	42.47	41.37	34.47	35.89	31.00	34.54	34.41	35.53	34.63	47.89	37.77	41.89	40.23	34.38	43.55	53.95	29.58	34.64	36.87	40.94	37.69	37.11	46.40	37.98	34.98	55.83	35.25	45.42	44.42	32.31	34.76	39.19	55.51	44.21	51.65	38.39	49.04	40.99	48.05	31.14	31.12	33.96	32.09	34.85	34.41	33.41	39.13	37.06	36.53	41.98	44.40	41.80	42.67	40.04	38.30	39.43	35.38	48.72	44.73	44.39	47.77
chr1	44721755	44858197	136442	EIF2B3	55.29	23.83	30.65	27.22	36.21	30.36	28.14	50.69	47.62	48.26	45.25	60.66	44.19	42.86	42.54	34.06	36.18	31.56	34.29	34.00	36.16	34.20	47.17	38.41	42.59	40.77	33.31	42.64	55.65	30.19	35.08	37.20	39.91	36.41	36.52	45.25	38.34	35.26	54.76	34.28	44.78	44.94	32.44	35.24	40.85	56.92	44.34	51.69	39.89	45.56	40.11	44.91	31.06	31.53	33.91	32.01	35.49	33.85	33.67	39.88	37.46	38.86	42.86	45.34	42.34	44.50	41.56	40.07	40.92	35.58	48.30	44.19	44.46	46.37
chr1	45198450	45200266	1816	HPDL	65.36	27.84	34.30	33.54	36.72	34.74	32.70	60.76	54.94	58.98	43.26	54.20	35.56	40.49	37.03	37.42	35.63	30.54	37.39	33.16	37.68	36.94	52.76	39.11	42.29	39.22	41.90	53.27	49.88	28.49	29.27	37.40	46.12	41.57	42.78	52.58	41.89	34.79	48.94	40.18	43.22	42.08	30.90	31.65	32.52	56.82	47.50	47.56	33.80	62.09	50.40	58.31	28.21	30.44	32.67	32.42	33.32	28.63	34.73	36.78	37.76	31.86	32.06	44.52	40.63	37.59	36.75	35.08	37.40	40.49	45.80	41.89	41.05	52.84
chr1	46065902	46097522	31620	POMGNT1	57.08	24.24	33.16	27.28	35.50	29.65	28.47	53.12	50.59	49.15	44.43	59.51	39.92	44.10	39.18	34.09	35.85	32.12	34.05	35.36	34.80	33.69	47.51	37.23	40.51	39.76	35.00	43.93	53.69	28.81	33.91	35.58	41.28	36.92	36.81	43.45	38.58	34.95	57.38	35.14	46.35	44.75	30.02	33.60	39.47	54.24	43.96	52.75	36.77	48.07	41.08	48.11	30.43	30.49	33.63	31.63	33.88	34.08	31.64	37.16	36.67	35.82	39.88	42.84	41.06	40.26	39.42	37.14	37.77	34.76	48.67	43.82	42.92	58.73
chr1	52566006	52579888	13882	COA7	56.27	24.07	31.57	27.22	36.10	29.81	26.66	53.52	48.59	47.97	44.83	60.03	43.44	45.88	41.22	33.52	36.08	31.07	34.64	33.47	35.59	33.96	46.91	39.46	42.25	41.70	33.74	43.39	54.53	29.03	34.24	36.16	37.51	36.91	35.73	44.26	39.38	35.52	56.03	35.71	44.06	43.37	31.51	36.18	40.10	54.30	42.27	52.13	38.12	45.93	41.66	46.17	29.89	29.80	34.03	31.57	34.32	34.05	33.64	37.31	37.08	36.90	41.16	45.36	41.49	43.41	41.47	37.67	40.42	35.90	47.93	46.23	44.51	45.29
chr1	53078265	53095633	17368	CPT2	59.66	26.32	34.12	30.14	35.99	31.25	31.48	52.83	49.81	48.79	47.07	62.63	41.61	44.56	43.38	35.61	37.03	30.65	35.63	36.11	35.37	35.07	47.20	39.62	44.55	40.64	35.10	43.40	56.28	30.95	36.10	39.58	42.68	37.32	38.12	47.24	38.95	36.70	57.63	34.94	45.20	42.83	32.95	36.79	41.62	57.52	44.55	47.37	41.60	46.92	40.04	48.16	31.99	33.62	33.75	32.93	37.86	33.93	34.77	42.36	38.63	37.18	43.57	46.82	44.00	44.83	42.29	40.17	40.38	36.70	48.48	46.66	45.59	48.40
chr1	54729904	54767373	37469	DHCR24	58.58	25.91	34.69	30.27	36.06	30.93	30.86	52.08	49.63	49.72	45.45	63.05	42.61	43.40	42.32	35.70	36.42	31.94	34.79	34.43	35.38	35.00	47.59	38.33	42.67	40.85	35.33	43.82	53.05	30.11	35.27	37.12	42.30	37.04	38.16	47.67	37.74	35.98	57.67	34.73	45.49	45.04	33.07	36.85	40.44	56.16	45.62	53.96	38.34	47.92	40.85	49.16	31.65	32.89	34.35	32.52	35.89	33.70	34.19	39.72	37.71	37.02	41.73	46.09	41.05	43.59	41.14	38.54	41.34	36.03	47.82	45.85	45.47	46.73
chr1	63469204	63536042	66838	PGM1	59.77	27.04	31.60	30.14	36.56	31.42	31.56	53.47	49.45	49.34	47.11	62.54	44.76	42.51	43.15	35.60	37.63	31.95	35.10	34.48	37.39	36.25	50.35	40.03	42.69	42.06	34.57	43.46	56.56	31.65	37.16	38.30	40.96	38.82	39.25	49.72	38.93	36.24	55.99	34.79	45.17	45.09	34.45	36.58	41.92	59.63	45.60	43.51	40.72	47.57	40.32	47.02	32.95	33.45	35.74	34.06	37.70	35.95	36.14	41.88	39.34	38.80	44.48	46.56	44.35	47.18	43.72	41.25	43.00	36.14	51.43	45.76	45.99	46.11
chr1	65142744	65293848	151104	DNAJC6	60.58	27.80	32.70	31.00	37.60	32.51	33.03	53.64	49.11	49.55	47.51	64.01	46.67	42.79	44.54	36.72	39.17	32.54	35.57	34.43	37.08	36.83	51.42	40.45	44.79	42.04	33.91	42.59	58.74	31.91	37.73	39.82	40.97	38.15	39.46	50.38	39.36	36.72	56.88	35.52	45.89	45.61	35.21	38.01	43.14	61.19	46.93	42.74	42.57	45.65	40.12	44.58	33.66	34.33	36.58	34.59	38.26	37.20	36.95	43.10	41.28	40.65	46.28	48.88	45.60	47.93	44.91	42.79	44.22	37.36	52.06	47.37	47.77	46.70
chr1	75561368	75600339	38971	ACADM	59.29	24.87	31.21	27.44	37.49	31.66	29.19	51.72	47.43	48.45	45.99	61.82	48.12	41.86	44.90	35.91	37.79	31.96	33.76	33.59	38.29	35.55	50.52	40.61	43.53	41.47	32.99	42.66	58.21	31.86	35.92	38.44	41.16	38.38	38.35	47.77	38.77	36.45	57.59	34.02	45.12	44.32	34.19	37.03	42.49	60.34	44.87	51.02	43.70	44.53	40.16	43.86	32.94	33.89	35.92	33.99	37.58	36.99	35.90	43.22	40.89	40.54	45.34	47.43	44.84	48.66	44.12	42.95	44.07	36.32	51.15	47.15	46.40	46.61
chr1	77817969	77856789	38820	DNAJB4	60.01	27.73	31.82	30.87	37.08	32.14	31.99	52.51	48.33	48.02	47.72	64.52	46.67	41.89	46.26	37.12	38.80	32.34	34.38	34.41	38.75	36.67	52.96	40.33	44.96	44.18	32.89	43.50	60.18	33.10	39.16	39.43	41.42	37.59	40.78	50.82	38.91	38.28	57.56	36.34	45.36	45.55	33.58	38.56	44.39	61.53	45.68	48.50	43.99	43.33	40.12	43.73	33.10	32.41	36.14	34.14	38.71	38.25	38.61	42.97	39.67	40.58	46.94	50.56	46.17	49.03	45.59	44.38	45.07	37.70	52.74	47.07	46.70	45.57
chr1	86755192	86952707	197515	HS2ST1	60.65	28.23	32.26	30.76	37.64	32.71	33.29	53.33	48.57	49.49	47.84	64.39	48.05	42.24	45.61	37.40	39.08	32.56	34.91	34.73	38.64	38.22	52.72	41.35	45.02	42.96	33.61	43.08	59.90	32.50	38.25	40.89	39.74	38.14	40.42	50.73	40.00	37.78	57.01	35.30	45.95	45.56	35.75	38.95	44.80	62.84	46.68	40.30	44.62	44.78	40.44	42.99	34.41	34.25	36.67	35.63	39.20	37.39	37.41	44.19	41.79	42.41	46.76	49.74	46.49	49.35	46.05	45.17	45.32	38.19	52.81	47.28	48.23	46.84
chr1	94822744	94921349	98605	ALG14	60.29	26.52	31.32	29.39	38.06	32.04	31.24	53.45	49.29	49.10	46.50	63.66	46.64	43.14	44.97	36.57	38.43	33.08	34.93	34.71	36.81	36.69	51.35	40.55	43.91	42.13	33.99	42.76	57.00	32.18	36.90	39.60	41.54	37.63	38.74	49.35	39.89	37.08	57.69	35.62	45.87	45.17	34.50	37.74	42.59	60.82	45.89	47.04	42.96	46.43	40.58	45.03	33.26	33.42	36.08	34.65	37.59	36.88	36.83	42.36	40.09	40.48	45.11	48.05	45.32	48.36	44.96	42.69	43.75	37.48	51.13	47.02	46.91	46.70
chr1	99698593	99772281	73688	AGL	60.67	27.22	31.93	30.80	37.76	33.73	33.86	52.94	47.37	49.01	48.55	63.56	48.35	42.42	46.03	38.14	39.33	31.63	34.29	34.59	37.91	38.80	51.53	40.28	44.73	43.47	33.49	42.39	59.83	33.24	38.27	40.26	40.89	38.96	40.36	51.26	39.36	37.17	57.61	35.25	45.33	45.37	35.65	39.00	44.50	62.62	46.97	44.82	44.65	44.25	41.56	42.57	33.78	34.48	36.39	35.60	38.42	37.56	38.02	44.70	41.91	42.62	47.67	50.34	47.29	49.52	46.89	44.48	44.80	38.49	53.05	47.95	48.22	46.13
chr1	99818115	99883750	65635	SLC35A3	59.23	26.64	31.62	30.20	37.01	32.49	31.73	52.93	48.06	49.39	46.99	62.39	47.46	42.61	46.47	35.07	38.34	32.78	34.33	33.79	37.00	36.86	50.49	40.45	44.16	42.04	32.89	42.50	58.27	32.25	36.93	38.89	39.66	37.76	38.24	48.88	39.75	36.70	57.91	35.70	45.88	44.87	35.04	37.71	43.14	61.06	45.37	50.22	43.57	42.60	40.72	42.06	32.46	33.20	35.55	34.40	38.43	36.16	37.07	42.12	40.43	41.78	46.96	48.22	46.64	48.68	44.97	43.38	45.02	37.58	51.61	46.88	46.85	46.82
chr1	109138816	109146691	7875	CFAP276	52.91	24.59	32.43	28.90	35.08	28.68	27.54	50.73	51.03	46.66	42.70	57.32	40.52	40.76	39.20	32.38	34.97	28.44	35.42	32.29	33.93	33.96	45.38	35.39	40.03	37.59	33.90	39.50	49.64	29.22	34.07	35.87	40.24	36.09	35.48	44.22	37.71	34.42	51.09	33.48	44.26	40.48	32.48	33.99	36.70	55.62	41.53	47.90	38.94	43.90	40.11	46.59	31.48	29.27	32.71	31.75	33.10	33.75	30.04	36.95	36.11	37.26	41.65	42.66	40.63	41.69	38.83	37.98	37.81	33.98	46.33	42.04	42.62	47.65
chr1	109246702	109270991	24289	SARS1	59.21	23.47	32.37	27.01	34.67	31.13	27.31	52.16	46.62	48.76	45.99	60.91	44.16	43.93	43.13	34.35	36.39	30.57	34.00	35.16	35.66	35.63	47.08	39.10	42.37	39.65	32.53	41.92	56.23	31.95	34.33	38.69	41.00	38.07	38.73	45.69	36.50	35.82	56.31	35.69	45.15	42.20	33.15	35.41	41.60	59.01	43.03	53.39	41.01	47.73	39.96	47.18	30.80	31.90	33.84	33.23	36.74	34.31	33.58	39.45	36.61	39.86	44.27	47.38	43.33	45.94	42.60	40.42	40.68	36.54	49.93	46.84	45.62	47.38
chr1	109652556	109664776	12220	AMPD2	51.32	25.44	32.68	29.54	35.75	28.64	29.15	58.15	53.27	52.09	43.64	58.81	33.17	39.80	34.44	30.96	32.46	30.01	32.33	32.38	31.74	33.63	43.34	34.63	38.67	35.88	35.35	48.82	48.98	24.69	27.27	34.78	40.99	37.54	36.30	46.49	37.01	30.76	50.97	33.86	43.17	41.02	26.88	29.27	35.27	49.37	43.64	43.74	31.63	51.64	42.49	50.83	26.39	27.40	31.87	29.54	28.58	28.39	26.76	31.55	32.88	29.30	31.82	40.08	39.89	34.46	34.13	32.13	33.29	33.13	45.23	40.29	39.93	52.03
chr1	110961986	110978737	16751	LRIF1	63.09	27.08	30.96	30.31	38.49	32.95	31.96	51.71	48.56	48.08	47.43	63.38	47.51	41.44	46.42	36.59	38.62	32.95	34.33	35.97	37.21	38.95	55.13	41.18	45.17	44.52	32.49	42.28	58.44	32.65	39.54	40.88	41.21	38.87	41.39	50.47	39.09	37.31	57.59	35.97	46.01	43.73	35.59	38.47	44.84	62.20	47.66	37.89	45.01	44.26	41.31	44.22	35.09	35.33	37.05	35.27	39.61	36.87	37.80	44.13	42.25	41.25	45.94	48.63	46.36	47.06	46.38	46.20	46.42	37.99	54.21	48.24	48.67	43.94
chr1	111785560	112004582	219022	KCND3	58.70	26.78	33.73	30.09	36.58	30.58	32.14	53.75	50.17	50.14	46.22	61.78	42.43	43.56	41.09	34.81	36.69	31.86	34.65	34.82	35.85	35.24	49.30	37.99	41.67	40.61	35.10	44.03	55.02	29.96	35.97	37.59	40.71	37.83	37.10	48.11	37.73	35.47	56.68	34.98	45.51	45.24	33.39	35.49	39.48	55.99	45.38	51.51	39.11	49.69	40.32	48.40	31.73	31.88	34.90	33.08	36.10	35.58	34.04	40.18	38.75	37.31	42.75	45.95	42.72	42.90	40.92	39.00	40.03	35.34	49.50	45.38	45.05	47.21
chr1	113905855	113916690	10835	AP4B1	61.09	26.85	33.43	31.03	38.18	30.70	33.57	54.11	48.77	48.94	49.75	63.78	44.52	44.99	46.28	37.61	38.63	32.44	35.61	37.83	35.92	35.75	48.48	39.99	41.66	42.62	34.57	43.07	57.88	32.30	39.23	38.92	42.01	37.64	38.45	49.85	39.16	38.87	59.84	36.66	46.11	46.29	34.20	39.35	44.78	60.42	47.70	54.17	41.43	47.35	41.07	48.00	33.17	31.82	34.41	35.08	36.78	38.59	37.20	42.95	40.69	41.47	46.26	49.27	43.75	48.74	42.29	41.54	43.01	38.75	53.10	48.91	47.85	46.36
chr1	114684544	114707007	22463	AMPD1	58.33	26.61	32.38	29.81	36.08	32.57	32.25	52.86	47.63	49.91	44.90	62.69	44.37	42.18	46.69	35.55	38.53	32.22	33.67	34.77	36.85	37.21	48.85	41.01	43.69	41.04	33.15	41.56	55.67	31.30	36.62	39.13	39.89	37.95	38.67	48.04	39.30	37.23	57.72	37.21	45.34	46.35	35.45	36.69	41.93	61.07	46.65	47.52	41.13	44.78	38.63	44.50	32.96	31.51	35.06	34.13	37.23	36.43	35.71	41.24	40.53	41.15	45.75	49.65	41.95	47.14	43.06	42.61	41.35	36.94	51.80	44.67	46.48	46.43
chr1	115297081	115349408	52327	NGF	59.12	28.61	33.14	31.50	37.09	30.87	32.61	52.84	49.59	49.92	46.87	61.43	45.60	42.98	42.88	35.88	38.58	32.79	34.91	35.68	36.86	36.08	50.82	39.22	42.83	40.62	33.60	43.69	57.23	30.79	36.45	39.59	41.45	37.84	38.45	50.05	38.98	36.94	56.72	35.48	45.14	45.01	34.60	36.49	40.74	56.41	45.50	42.64	40.62	49.11	39.88	47.24	33.58	32.67	36.19	33.72	36.82	36.58	35.84	41.99	39.23	39.37	44.36	46.32	43.59	46.38	42.10	40.42	42.22	36.07	50.46	45.60	46.89	47.55
chr1	116381313	116412844	31531	ATP1A1	59.03	26.78	33.03	30.19	36.40	31.78	33.09	54.21	48.68	48.20	46.87	63.12	45.51	43.66	43.75	36.22	38.23	32.24	34.78	35.73	37.49	36.97	51.90	39.35	42.97	43.31	33.98	43.45	55.59	32.62	36.82	40.98	41.52	38.95	39.79	50.50	38.89	35.23	55.28	35.22	45.98	44.99	35.54	36.15	40.63	59.09	46.10	49.69	41.28	49.13	39.65	47.17	34.49	31.88	35.43	34.74	36.28	35.72	35.70	42.85	40.45	40.23	46.09	48.04	43.71	44.64	42.22	41.83	42.31	37.56	50.73	45.82	46.02	47.63
chr1	117872720	117938867	66147	GDAP2	62.08	28.90	32.07	31.77	37.55	33.30	33.83	53.55	48.96	50.40	48.08	63.66	48.58	41.94	45.57	37.45	39.55	32.52	34.30	33.85	38.03	38.29	52.75	40.81	44.84	43.70	34.36	42.46	60.11	33.73	39.40	41.29	39.75	37.92	40.89	51.09	40.04	37.48	57.34	35.27	45.45	45.55	36.06	38.79	45.53	62.29	46.86	32.30	43.71	44.58	40.55	42.90	34.03	34.48	37.74	36.18	39.06	37.90	37.18	44.28	41.12	41.97	46.72	50.11	46.73	50.07	46.65	44.87	46.67	38.60	53.97	47.75	48.24	46.49
chr1	149612276	149632442	20166	TARS2	53.14	21.84	30.85	25.86	33.88	28.51	26.24	50.48	47.20	50.67	43.88	58.37	40.28	41.62	40.74	32.89	33.54	29.89	32.89	33.57	34.56	33.13	43.51	36.79	39.07	41.38	34.39	43.09	48.37	29.17	32.30	35.81	41.13	35.20	35.11	40.84	37.13	34.97	53.21	32.77	43.41	42.95	30.88	33.45	37.45	53.00	41.81	52.42	37.48	46.07	40.69	46.22	29.01	30.17	31.14	30.12	32.98	32.54	30.47	37.34	33.87	35.77	40.01	42.51	40.05	39.87	38.32	36.62	37.55	33.64	47.84	43.82	41.41	44.87
chr1	153292535	153329333	36798	TPM3	55.98	24.75	32.07	27.55	35.98	29.29	29.82	53.95	48.15	49.62	44.59	62.25	42.67	42.22	42.33	35.09	36.74	32.92	33.96	34.61	35.50	34.20	47.63	38.32	41.55	40.48	34.34	41.71	52.85	31.43	36.69	37.54	40.36	37.22	37.08	44.48	39.18	35.64	56.30	34.57	44.76	43.33	32.86	35.56	39.64	56.32	43.13	51.03	40.20	47.75	40.41	46.89	30.74	30.53	32.68	33.01	36.89	34.45	33.90	38.94	38.31	38.06	42.12	45.84	42.34	43.54	39.97	39.03	39.43	35.65	48.85	45.53	45.70	46.57
chr1	153719176	153765142	45966	ADAR	56.64	25.25	32.24	29.71	35.16	30.35	29.85	53.75	48.87	48.87	46.81	61.36	42.98	43.26	43.49	34.67	37.59	31.96	34.68	35.37	35.64	34.89	48.69	38.15	41.83	39.65	33.43	42.52	54.71	29.00	35.80	36.70	41.14	36.33	37.46	48.57	37.38	35.26	56.82	35.73	45.31	44.90	33.08	35.40	41.10	56.86	45.66	53.07	39.15	47.65	40.95	46.90	31.39	30.75	33.59	32.49	35.87	35.43	34.53	40.53	38.59	37.52	42.78	46.21	43.55	44.57	42.39	40.16	41.03	35.79	49.88	46.01	44.58	48.07
chr1	154122704	154132467	9763	FLAD1	54.35	23.35	31.29	25.94	36.72	29.80	24.23	51.35	46.95	47.11	46.63	59.11	39.96	43.16	38.87	32.05	36.09	29.36	33.58	34.69	34.36	30.78	45.04	36.84	39.60	37.00	33.07	43.10	51.57	28.74	34.17	36.94	39.43	35.00	35.15	41.30	39.51	34.51	54.22	35.01	42.62	45.84	31.06	31.66	38.66	51.89	42.37	52.07	34.24	47.24	39.26	50.07	29.90	30.89	34.04	30.16	31.03	32.03	32.10	38.24	34.38	35.40	38.61	41.97	39.16	40.09	37.87	38.29	37.96	35.24	48.00	44.55	45.59	45.54
chr1	154157899	154173157	15258	DCST2	54.62	22.82	32.75	27.29	33.21	27.90	27.99	49.75	48.35	50.37	44.54	59.56	36.93	39.44	38.88	31.16	32.75	29.02	32.20	34.12	33.70	32.34	40.21	35.84	40.70	38.54	35.53	44.16	50.61	26.41	30.37	33.30	39.91	36.60	33.71	42.67	36.30	30.62	54.04	34.08	40.86	42.96	29.39	32.95	34.82	49.99	40.73	50.58	35.49	51.23	39.49	48.41	27.16	28.46	31.30	29.82	30.95	30.33	28.48	34.16	33.43	33.66	38.19	40.79	37.50	36.61	36.64	35.35	37.39	33.45	45.35	42.81	41.26	46.83
chr1	154279248	154279889	641	DPM3	53.12	27.32	33.32	27.34	34.55	27.98	29.04	49.09	50.88	47.94	43.57	53.96	32.18	37.08	39.59	34.53	25.99	29.68	28.94	40.76	35.91	31.29	48.74	36.07	37.66	33.53	33.86	47.28	53.08	26.80	25.03	30.48	39.30	30.95	34.41	41.47	32.91	31.81	42.98	33.47	43.52	38.85	25.00	34.22	37.64	48.21	41.75	41.06	32.94	51.35	33.31	44.15	31.51	23.85	32.05	27.16	28.09	27.48	30.20	33.55	29.60	33.62	32.31	35.68	44.74	34.35	28.07	37.63	36.51	32.64	51.38	40.71	38.42	48.08
chr1	154373008	154383185	10177	GBA1	55.15	26.23	34.82	29.56	35.29	29.11	30.09	52.47	47.33	50.68	46.41	56.75	41.57	42.59	39.98	32.67	35.69	30.28	33.90	36.69	35.84	34.48	44.99	35.94	39.79	38.73	34.21	46.51	50.04	28.81	34.29	34.20	43.94	36.43	36.33	45.68	36.59	35.86	54.25	34.95	44.03	42.88	31.17	33.89	38.57	54.87	42.33	53.20	37.48	51.97	39.75	48.86	29.86	29.07	32.17	31.91	33.81	32.42	29.63	39.15	36.32	34.71	38.35	44.36	42.98	39.46	37.18	38.30	36.56	34.49	47.85	45.22	44.82	45.97
chr1	154748734	154753532	4798	MSTO1	54.75	26.88	34.94	29.29	34.94	30.76	32.52	56.39	50.83	51.53	46.62	63.12	42.62	47.03	40.36	32.12	33.35	31.52	35.49	34.20	37.57	34.80	44.21	40.21	40.84	42.88	33.54	45.49	49.02	32.15	32.67	38.90	42.29	40.10	35.78	49.16	40.09	35.04	52.96	36.92	47.75	45.26	33.51	33.10	40.24	54.61	45.02	53.17	39.21	48.25	41.57	55.48	30.55	29.95	35.44	32.84	30.97	34.47	34.00	39.72	36.38	39.01	43.10	43.24	43.49	40.51	40.42	36.28	37.88	36.06	46.95	44.63	43.23	52.40
chr1	155221037	155278530	57493	LMNA	54.38	24.09	32.81	28.72	33.98	28.34	28.23	52.92	50.73	49.86	44.08	58.58	37.70	41.89	37.99	31.83	33.68	29.09	32.89	33.63	35.07	31.53	43.48	35.41	40.28	38.49	35.54	44.21	50.46	27.20	31.80	34.81	41.58	36.12	35.38	43.98	36.82	33.81	52.95	34.21	43.83	42.77	29.64	31.68	36.88	51.57	43.90	51.88	34.22	50.92	41.12	50.22	28.99	28.85	31.47	29.75	32.46	31.22	30.18	35.70	33.96	33.69	37.48	41.93	39.31	37.29	37.44	35.36	36.20	34.18	46.43	42.68	41.61	48.61
chr1	155952602	156018667	66065	NTRK1	54.11	25.06	34.57	28.53	35.07	29.46	29.48	54.04	49.58	50.80	45.90	60.11	37.96	41.27	37.67	33.59	34.91	29.08	33.02	34.08	35.40	34.31	45.70	35.90	40.07	38.47	35.23	44.52	51.86	27.81	32.03	35.27	40.58	36.57	36.29	46.06	37.35	33.91	53.64	34.85	43.72	44.19	30.25	33.09	37.20	53.14	44.62	50.22	34.78	52.09	41.10	50.70	29.24	29.43	32.72	30.57	31.73	31.70	31.82	35.89	35.10	33.52	37.72	42.16	39.81	38.56	37.53	35.72	36.74	34.00	46.33	43.12	43.55	48.56
chr1	158308646	158340339	31693	CADM3	55.64	27.44	33.97	29.94	34.61	30.32	32.05	53.77	49.17	48.38	45.13	59.58	41.89	40.84	40.16	33.92	35.29	29.91	33.30	32.88	35.49	34.33	48.83	38.03	40.71	40.49	33.28	42.45	51.81	29.49	34.56	36.91	40.71	37.71	36.00	47.97	35.96	33.63	54.51	33.95	44.14	43.79	31.72	33.46	39.52	56.41	43.11	39.65	37.75	47.88	38.87	46.82	31.53	30.87	33.90	31.70	34.50	33.76	34.20	38.82	37.31	36.25	41.37	43.99	40.70	42.74	39.80	37.16	39.33	35.25	46.97	43.87	43.48	45.93
chr1	159252840	159280677	27837	ATP1A2	55.31	25.21	32.67	28.20	35.22	30.17	29.29	52.88	50.25	47.75	45.27	61.50	39.80	40.73	39.73	33.32	34.59	30.00	33.59	33.36	33.45	33.36	47.19	36.47	40.10	40.61	35.76	43.26	53.80	27.65	34.24	35.00	39.69	36.78	35.10	44.22	35.79	33.11	52.75	35.06	43.55	42.32	32.14	33.73	39.24	55.09	44.81	50.62	35.56	48.87	40.03	49.43	29.19	29.59	32.62	31.27	32.96	33.16	32.12	37.16	37.52	32.71	40.94	43.70	39.49	40.49	38.17	36.53	37.84	33.68	49.01	44.76	43.15	49.37
chr1	159327651	159338962	11311	CASQ1	53.22	24.91	33.99	30.00	33.52	29.99	28.26	53.42	48.33	49.49	42.83	58.65	36.59	40.45	37.72	31.40	33.39	28.97	32.50	32.82	33.96	33.58	45.59	37.58	40.99	38.20	35.83	43.27	49.62	26.41	30.88	30.62	40.44	37.27	32.80	42.86	38.14	33.47	53.19	31.23	42.94	40.67	30.98	30.99	37.45	50.95	41.58	50.74	35.15	49.68	40.25	48.64	27.99	29.00	31.05	30.37	33.54	32.46	31.24	37.05	37.84	34.12	37.62	41.32	38.35	39.86	38.03	34.53	37.86	34.94	47.40	45.26	43.84	46.83
chr1	159352792	159399623	46831	DCAF8	59.19	26.39	32.49	29.08	37.59	32.35	30.20	54.69	48.46	49.36	46.52	62.59	45.70	45.25	43.82	37.00	37.46	32.67	35.63	35.95	36.90	36.51	50.34	40.25	43.41	42.32	34.20	42.39	57.01	31.55	36.63	39.53	41.15	38.85	39.03	49.33	40.10	36.96	56.72	35.83	46.89	45.61	34.53	36.65	42.45	60.17	46.16	53.29	41.70	48.31	42.51	46.67	32.57	33.40	35.26	34.24	37.04	36.06	35.90	42.51	40.84	39.37	45.34	48.12	45.52	47.04	43.69	41.82	43.06	37.94	51.77	47.59	47.71	48.08
chr1	160334857	160351847	16990	NDUFS2	56.55	25.91	33.23	28.98	35.02	30.42	28.09	53.18	49.48	47.50	43.66	60.23	38.81	40.96	38.77	33.21	32.37	31.12	33.42	34.10	35.36	33.26	44.78	37.75	41.28	37.03	34.42	43.80	52.78	27.03	34.15	36.26	41.34	36.69	35.12	44.42	35.56	32.48	54.65	35.25	43.49	41.68	31.54	34.84	37.11	53.72	44.26	53.74	36.96	50.73	39.92	49.40	29.89	29.57	32.58	32.02	32.98	33.65	32.49	36.23	35.97	34.27	41.53	43.26	40.49	41.02	39.56	36.66	39.77	34.57	46.66	43.34	43.65	48.08
chr1	160442138	160447413	5275	MPZ	58.23	24.37	28.93	28.01	33.63	28.15	28.41	49.41	45.09	47.66	48.45	57.48	38.58	39.55	38.56	30.93	33.39	28.98	33.02	29.72	33.73	33.33	44.39	37.24	38.22	35.70	35.58	43.69	51.87	27.97	30.44	34.97	41.47	37.97	33.36	46.12	36.25	32.49	53.34	31.92	43.26	40.80	32.10	33.03	35.19	54.83	43.13	50.17	35.22	42.54	40.45	43.46	31.48	26.70	29.58	28.00	32.44	33.54	33.07	34.55	35.44	30.52	36.62	42.36	35.95	41.65	36.48	34.18	37.24	31.34	43.26	41.87	40.54	48.21
chr1	173182836	173216665	33829	DARS2	58.33	23.32	30.45	27.54	35.71	30.84	27.77	50.39	48.00	48.87	45.13	59.44	45.06	42.66	44.05	35.33	37.62	32.06	33.82	33.43	36.38	35.18	48.10	39.76	42.21	41.10	33.14	40.45	56.08	29.42	36.34	38.98	39.50	36.90	38.26	45.75	38.85	34.78	55.34	35.56	44.56	44.95	33.64	36.93	41.57	56.90	46.34	54.68	41.38	44.31	39.19	42.41	30.72	31.83	34.20	32.49	35.41	35.54	34.92	41.23	37.43	39.46	44.59	47.57	42.96	45.68	42.65	40.44	41.49	36.39	49.96	44.34	45.13	45.24
chr1	179238026	179275744	37718	TOR1AIP1	60.04	26.35	31.07	28.13	38.15	32.79	29.71	53.20	49.22	50.00	45.11	62.87	47.11	42.23	45.04	36.07	38.82	33.45	35.44	34.51	38.73	36.38	49.76	39.44	43.38	42.58	34.26	41.89	58.12	31.53	37.92	39.96	40.63	37.74	38.32	49.65	39.79	36.80	57.40	35.40	45.59	45.36	33.71	37.28	43.89	61.44	45.84	55.42	42.72	43.63	40.16	43.07	33.03	32.50	34.91	33.22	37.82	37.23	36.51	42.18	40.77	40.58	46.77	47.07	46.76	48.38	45.23	42.44	44.93	37.84	51.59	46.77	46.62	46.63
chr1	179987034	180245477	258443	XPR1	60.74	27.81	31.56	30.93	37.74	32.93	33.29	52.96	48.45	50.08	47.83	63.98	47.31	42.01	45.88	37.17	38.45	32.34	34.50	34.10	38.09	37.58	51.73	41.00	45.51	43.13	33.47	42.30	59.35	32.68	38.02	40.11	40.71	38.35	40.12	50.71	39.39	37.29	56.75	35.80	45.85	45.30	35.37	38.59	44.10	61.95	47.12	44.10	43.54	44.00	40.98	43.16	33.74	34.23	37.03	35.52	38.52	37.28	37.40	44.02	41.61	41.13	46.29	49.68	46.68	49.25	46.33	44.33	45.43	38.17	52.83	48.18	47.73	45.77
chr1	180838936	181163498	324562	CACNA1E	59.16	27.85	32.30	30.48	36.56	31.08	32.58	54.08	49.52	49.57	46.95	62.46	44.93	42.76	42.59	35.73	37.74	32.29	35.03	34.91	37.06	36.11	50.24	38.69	42.98	41.19	34.13	43.51	56.33	30.96	36.89	38.64	41.40	37.78	38.60	49.42	38.56	36.34	56.65	35.13	45.84	45.03	34.45	36.77	41.60	58.83	45.89	44.83	40.72	48.24	40.56	46.68	32.66	33.32	36.20	33.69	36.95	35.86	35.72	41.33	39.70	38.71	44.22	47.02	43.75	44.94	43.20	40.84	42.20	36.02	50.56	46.51	45.82	47.52
chr1	182198509	182247148	48639	DHX9	61.03	27.60	32.32	32.84	39.08	32.31	34.75	54.54	49.96	51.16	47.54	64.49	47.35	42.97	46.17	37.52	39.81	32.67	35.50	35.95	38.59	37.67	52.50	40.57	46.49	43.07	33.92	42.48	58.64	32.93	39.00	40.82	40.92	37.87	40.60	52.23	40.27	37.95	58.29	36.11	47.13	46.24	36.42	38.46	44.09	62.76	47.52	46.17	43.55	45.55	41.23	44.93	34.81	35.46	37.70	36.45	39.09	37.15	37.12	45.31	43.02	41.72	47.31	50.59	46.33	50.11	45.93	44.74	46.79	39.01	52.82	47.80	47.02	48.12
chr1	182607573	182777689	170116	NMNAT2	57.63	26.55	32.01	29.54	35.73	30.50	30.82	52.09	48.97	49.58	45.75	61.93	43.80	42.06	42.07	35.02	36.33	32.00	34.75	34.16	37.18	35.39	48.96	38.76	42.67	40.30	33.90	43.31	55.19	30.53	35.72	38.00	40.31	37.16	37.54	47.10	38.53	35.65	56.06	35.45	44.95	44.32	33.42	36.23	39.90	57.40	44.81	50.38	39.81	46.84	39.72	46.61	31.24	32.19	34.42	33.40	35.83	34.91	34.45	40.26	38.75	38.10	43.54	45.20	42.64	45.00	42.15	40.21	40.71	36.20	48.85	44.90	45.09	47.22
chr1	200296458	200369410	72952	CACNA1S	55.34	25.55	33.45	29.34	35.22	29.06	29.86	54.82	51.00	50.37	46.07	59.31	39.37	42.44	38.58	33.26	34.86	30.77	33.49	33.26	35.24	33.65	46.95	36.08	40.20	38.70	35.74	44.96	51.66	27.98	32.59	36.49	40.88	37.22	35.99	46.43	37.48	34.01	54.13	34.93	44.60	42.86	31.12	33.16	37.55	54.06	44.13	51.86	35.44	50.75	39.51	49.96	30.15	29.63	33.43	31.13	33.50	33.55	31.88	36.92	36.16	34.09	39.46	43.75	40.58	40.02	37.92	36.38	37.55	34.22	47.56	43.60	42.14	49.07
chr1	201154210	201204217	50007	LMOD1	56.01	23.80	31.70	27.48	34.16	28.92	27.89	50.55	49.20	49.59	45.87	58.98	40.76	42.91	40.19	33.99	34.90	30.88	34.93	33.99	35.62	33.72	46.32	36.48	40.44	39.43	34.29	42.53	51.74	29.63	34.07	35.73	41.01	37.14	35.45	45.27	37.84	34.90	54.59	35.12	43.09	43.64	32.18	33.62	38.02	55.72	43.08	52.23	36.96	47.46	39.70	48.64	30.52	30.65	33.62	31.06	34.02	33.73	31.99	38.53	36.99	36.29	40.40	42.40	40.71	42.79	39.84	37.15	39.28	34.25	47.07	43.71	43.28	46.40
chr1	201852401	201972645	120244	SYT2	55.08	26.32	33.63	29.61	35.07	29.42	30.38	52.56	49.18	49.34	44.86	60.32	39.52	41.98	38.99	33.11	34.80	30.57	33.28	33.78	34.66	33.64	46.26	36.84	40.91	38.59	34.81	43.63	51.65	28.16	33.27	35.38	40.35	37.07	35.75	46.48	36.19	34.43	53.84	34.75	43.72	43.59	31.74	33.25	37.75	53.92	44.52	51.14	36.39	49.66	40.95	48.66	29.84	29.85	33.46	30.70	33.45	33.23	32.21	37.64	36.33	34.94	39.32	43.43	40.88	40.71	38.37	36.63	37.57	34.22	47.21	44.07	43.34	46.99
chr1	202890047	203007281	117234	ATP2B4	57.40	24.49	31.88	27.94	35.84	29.60	29.02	52.83	48.88	49.08	45.10	59.93	42.30	43.46	42.06	34.34	35.25	31.35	34.44	35.00	35.87	33.62	47.00	37.03	41.69	39.49	33.83	42.95	52.97	29.56	34.83	36.45	40.88	36.16	36.88	46.03	37.59	34.94	55.37	35.33	44.95	44.02	32.75	35.39	38.78	56.61	44.60	52.13	38.84	48.15	39.50	46.80	30.80	31.16	33.69	32.81	35.27	34.70	33.36	38.91	37.76	36.67	41.66	44.69	41.14	42.31	40.12	39.26	39.68	35.40	47.78	44.63	43.38	46.95
chr1	204406863	204475975	69112	DSTYK	56.59	24.56	30.39	27.55	35.73	29.98	29.63	52.11	48.16	48.92	45.46	60.59	43.34	43.19	43.13	35.53	36.20	32.02	34.58	34.64	34.86	34.35	47.68	37.57	41.89	39.91	34.10	42.78	54.23	29.99	35.32	36.80	41.07	36.37	36.82	45.06	37.25	35.30	56.06	35.17	45.00	44.01	33.68	35.59	40.49	57.29	44.00	53.34	39.67	46.39	40.00	45.88	31.62	31.49	35.12	32.19	36.00	35.76	33.72	40.25	37.92	37.99	43.56	44.77	42.94	44.40	42.40	39.69	40.59	35.52	49.64	45.59	44.36	47.44
chr1	209177067	209410005	232938	SYT14	61.18	27.78	31.63	31.33	37.23	32.75	32.97	53.23	48.76	49.83	47.77	64.45	47.95	41.29	46.52	37.06	39.08	32.22	34.89	34.15	38.22	37.62	52.25	40.79	45.18	43.51	33.88	42.82	59.73	32.45	38.51	40.60	39.83	38.94	40.63	50.97	39.53	37.11	56.69	35.31	45.50	45.15	35.94	38.51	44.68	62.48	46.82	36.47	44.61	44.17	40.63	42.57	34.50	34.40	37.23	35.51	38.97	37.17	37.74	43.94	41.88	41.74	46.67	49.94	47.27	50.05	46.46	45.15	45.48	38.02	52.46	47.74	48.27	45.96
chr1	212103254	212144367	41113	FLVCR1	60.22	25.18	30.71	28.27	36.50	31.49	30.22	52.49	47.98	48.09	46.66	64.42	46.05	43.08	44.29	35.18	37.27	33.04	34.99	34.00	36.77	36.55	49.88	39.53	44.08	41.31	34.11	42.75	57.65	30.83	37.11	38.79	40.90	37.63	39.36	48.13	39.58	37.03	58.18	36.40	46.43	45.04	34.73	36.82	42.68	60.29	45.98	55.27	42.43	44.47	40.88	45.06	33.15	32.74	35.16	33.75	37.17	36.51	36.44	42.35	39.07	40.01	45.01	48.37	45.90	47.12	45.26	42.40	42.95	38.09	51.10	46.49	46.88	45.86
chr1	219148332	219196857	48525	SLC30A10	59.27	25.68	31.12	29.13	36.92	30.96	30.60	53.01	49.76	50.34	46.27	62.45	44.92	42.57	43.86	35.45	37.82	31.81	35.15	34.88	36.80	36.73	49.61	40.53	44.04	41.63	33.58	43.51	55.61	31.32	36.47	37.82	40.25	37.89	38.80	47.74	38.19	36.94	55.92	35.62	45.68	45.19	33.68	37.81	41.36	59.76	45.90	52.08	41.22	45.10	39.29	45.07	32.82	32.95	35.97	34.55	37.30	36.23	35.38	41.48	40.24	40.42	44.93	46.30	43.99	46.67	43.63	42.76	42.59	36.16	50.72	47.10	45.39	47.52
chr1	219207866	219285874	78008	EPRS1	60.87	25.88	30.49	29.00	37.49	32.55	31.47	53.41	48.63	49.43	46.96	63.94	47.59	42.63	46.55	37.11	38.58	33.06	35.20	33.89	38.14	36.99	51.32	40.97	44.53	42.89	33.95	43.50	58.13	32.32	38.06	39.97	40.40	38.44	39.45	49.81	40.01	37.32	57.41	35.94	45.80	45.02	35.51	38.07	43.72	61.10	46.44	47.67	43.48	43.83	40.85	42.77	32.89	34.84	35.85	34.68	38.97	37.39	37.32	43.60	41.53	42.20	46.69	49.31	45.61	49.44	45.99	43.90	44.58	37.88	51.66	47.43	47.74	46.35
chr1	219387566	219511733	124167	RAB3GAP2	60.68	27.59	31.76	30.23	37.03	33.13	32.15	53.72	48.33	49.29	47.32	64.51	47.91	42.66	45.31	36.44	38.14	32.47	35.33	34.66	37.75	37.55	52.47	40.86	44.48	42.13	33.93	42.42	58.57	32.26	38.07	39.55	39.54	38.08	40.01	50.63	39.56	37.07	57.56	35.51	45.88	45.49	34.92	38.02	43.50	61.45	47.04	44.50	43.11	44.73	40.66	42.94	33.51	33.97	36.64	34.78	38.10	37.14	37.74	43.97	41.18	41.18	46.39	50.06	46.64	48.46	45.86	43.97	44.56	38.01	52.77	47.23	47.63	46.27
chr1	223372482	223382685	10203	DEGS1	55.68	25.30	34.28	28.66	35.28	30.89	28.45	53.70	50.52	49.13	47.16	63.00	41.87	42.57	42.94	35.95	35.66	30.87	35.07	32.74	34.73	35.25	44.32	40.79	42.28	41.49	34.97	41.01	57.68	30.85	33.37	36.31	38.89	37.68	34.71	45.68	38.51	34.74	58.45	36.40	46.60	45.46	33.50	34.17	39.60	56.60	42.76	52.51	39.76	44.57	38.53	48.24	29.40	30.21	31.60	33.64	34.58	34.33	33.61	36.92	36.96	34.70	41.90	47.01	42.83	43.71	40.61	40.22	40.37	33.66	47.70	45.45	44.30	47.67
chr1	223416265	223519053	102788	NVL	57.17	24.21	30.84	27.40	36.58	31.16	28.78	52.09	46.90	48.23	45.70	61.87	45.16	42.95	45.17	34.88	36.37	32.05	34.58	34.71	37.07	34.98	46.66	38.80	42.56	40.89	33.71	42.49	55.81	30.70	35.76	37.90	39.51	37.56	37.86	45.93	39.16	36.60	56.10	34.89	45.77	45.04	32.91	36.40	41.17	57.61	44.80	54.67	40.62	45.18	40.09	44.38	31.51	31.81	33.99	32.48	36.23	35.49	34.20	40.53	38.35	39.79	43.79	46.42	43.10	45.60	41.99	40.97	41.36	35.85	49.56	45.54	45.72	46.99
chr1	225033308	225070125	36817	TMEM63A	56.70	25.09	34.10	28.03	35.20	29.59	28.88	53.78	50.33	48.48	45.11	59.98	39.35	42.38	39.20	34.51	35.20	29.41	33.50	33.55	34.38	32.81	46.36	36.86	40.07	39.15	34.28	44.42	52.10	28.80	32.42	35.21	41.90	36.89	35.67	45.04	36.93	33.46	55.28	34.93	45.06	45.03	30.68	33.42	37.77	53.15	42.81	52.03	36.46	49.07	40.28	49.48	30.81	30.10	32.63	30.75	32.12	33.34	31.06	37.72	36.52	33.57	40.13	42.65	40.68	39.94	38.29	36.39	36.85	34.97	45.47	43.97	42.72	47.96
chr1	225107657	225112030	4373	PYCR2	56.79	26.47	35.96	29.95	31.09	30.18	30.04	52.98	48.73	49.09	45.85	59.42	34.55	41.09	39.23	34.33	34.82	28.49	33.86	33.83	34.24	34.32	46.16	36.66	40.58	38.89	34.92	45.76	51.84	26.77	33.11	38.85	43.55	35.64	36.75	48.98	34.71	32.07	53.27	32.33	47.47	41.78	28.26	32.38	38.85	51.95	43.11	53.81	36.47	48.17	40.06	50.35	28.06	29.89	29.69	33.78	30.75	31.81	29.69	35.06	32.09	32.30	41.86	40.37	41.87	36.28	38.16	35.59	34.04	33.69	45.37	42.39	40.66	50.50
chr1	225819872	225927469	107597	ITPKB	56.79	25.98	33.71	29.59	35.31	30.16	31.26	54.75	51.98	50.70	46.72	61.10	40.54	42.66	40.48	34.31	36.92	31.59	34.37	34.88	36.67	35.04	47.16	37.48	41.44	39.87	34.97	44.69	54.70	29.40	34.30	37.14	42.13	37.88	37.41	47.88	39.09	34.91	56.04	35.30	45.60	45.35	32.25	34.87	38.90	55.13	45.21	52.90	38.05	50.70	40.43	49.36	31.61	31.29	33.30	32.62	34.72	33.78	33.83	39.72	38.37	36.43	41.56	44.42	41.50	42.20	40.01	38.77	39.41	34.98	48.63	45.71	44.57	49.55
chr1	226058502	226084010	25508	PSEN2	55.82	26.56	33.88	29.45	34.71	29.42	30.29	53.63	51.28	50.20	46.74	60.10	38.79	42.46	38.05	33.40	34.76	30.86	33.94	33.22	36.37	35.01	47.20	35.92	40.55	39.25	35.65	45.94	49.80	27.99	32.78	35.15	42.02	38.33	36.24	46.84	38.36	35.04	54.87	35.31	45.30	44.43	30.81	34.04	38.34	54.89	42.23	51.72	34.98	50.26	39.85	48.72	30.29	29.04	33.84	31.63	35.06	32.81	30.84	37.71	36.13	34.97	39.26	43.79	39.85	40.18	38.22	37.52	37.90	34.31	45.79	42.24	42.82	50.13
chr1	226128211	226175909	47698	COQ8A	55.76	25.53	32.09	28.41	35.29	29.97	28.78	52.40	48.39	49.43	46.01	60.46	36.98	40.71	37.27	31.87	34.81	30.10	33.19	33.66	34.89	34.26	44.85	35.94	40.40	38.57	35.35	45.50	51.47	26.67	31.65	35.79	41.49	35.76	35.56	45.55	36.94	33.64	53.95	34.54	43.99	42.36	29.23	32.10	37.24	52.28	43.47	50.41	34.46	50.21	41.53	49.55	30.43	29.20	31.63	30.46	32.49	32.15	30.29	37.44	34.62	32.47	37.14	42.72	40.10	37.15	36.70	35.60	37.03	33.27	46.01	43.12	41.49	50.00
chr1	227338926	227348822	9896	GJC2	53.94	24.19	34.75	31.20	31.95	29.46	26.72	51.45	49.98	50.46	46.49	58.27	33.34	39.39	34.40	32.20	33.12	29.75	35.27	34.27	35.32	31.88	44.54	37.04	40.02	37.79	38.95	50.50	47.69	23.61	28.98	32.10	42.14	35.74	37.80	45.79	37.63	30.46	51.46	32.24	44.88	42.39	25.33	28.11	35.52	49.91	43.81	43.48	28.29	57.37	46.33	53.08	27.47	28.55	32.81	30.74	26.80	26.58	26.07	33.03	29.91	28.11	32.26	42.44	37.50	30.11	31.27	31.61	32.96	35.48	44.69	43.22	40.02	55.13
chr1	227354799	227371041	16242	IBA57	56.61	22.97	34.36	27.16	35.94	29.60	27.24	53.13	51.92	53.34	47.38	61.30	38.11	42.50	39.34	33.16	36.81	29.16	34.19	33.25	36.99	33.47	48.01	38.33	42.96	39.17	35.61	43.38	53.70	27.45	34.14	36.40	42.85	36.86	35.06	48.68	37.67	33.35	53.83	34.17	43.00	42.82	31.66	33.51	37.47	53.54	45.13	52.08	34.41	53.08	43.30	52.37	31.55	30.84	35.58	31.83	31.49	33.07	29.70	37.87	36.02	34.19	38.95	43.64	39.73	38.06	35.35	37.24	36.97	34.97	46.15	45.26	43.01	50.50
chr1	227396835	227567714	170879	OBSCN	57.71	26.65	35.66	30.61	35.68	30.71	30.65	55.85	52.87	52.24	47.91	62.18	39.23	42.23	38.47	34.37	36.18	30.92	35.00	35.66	36.91	34.92	48.16	37.96	42.53	40.93	36.91	47.69	53.81	28.09	32.91	37.31	43.88	39.40	38.08	48.72	38.28	34.92	55.45	35.92	45.58	44.79	31.83	33.91	39.35	55.40	45.87	49.54	36.22	54.16	42.78	52.93	30.86	30.95	34.89	32.59	32.89	33.22	32.09	38.50	37.42	34.02	38.78	44.56	41.70	38.44	38.10	36.83	38.07	35.70	48.25	45.45	43.68	51.79
chr1	228809945	228812800	2855	ACTA1	55.58	23.81	33.26	28.94	34.49	28.28	27.20	55.63	54.57	50.94	47.05	60.52	36.12	40.05	35.90	31.56	33.92	29.05	32.09	34.62	37.68	34.29	47.18	33.74	37.93	40.87	36.20	47.26	45.82	22.61	27.59	35.17	40.75	38.49	35.97	51.77	39.54	32.41	55.91	34.01	47.03	43.26	28.90	28.28	34.29	50.38	43.62	41.73	30.17	48.44	40.14	53.44	28.01	32.80	35.19	32.81	27.40	29.46	26.19	36.17	36.09	31.75	33.92	38.76	37.91	29.86	28.93	31.03	32.02	32.19	43.11	41.49	37.81	52.71
chr1	234718928	234736246	17318	GGPS1	57.56	26.96	33.11	29.85	36.56	29.99	29.76	54.14	49.47	47.67	46.46	63.32	44.11	41.23	44.85	36.16	37.97	32.57	34.66	34.37	37.54	35.85	47.13	38.72	44.21	41.57	33.77	42.91	56.68	29.82	36.91	37.92	42.58	37.81	36.87	48.06	39.57	36.60	56.51	34.73	46.59	45.45	33.52	36.48	42.61	59.22	47.20	51.31	41.18	47.30	40.71	45.08	32.55	31.15	33.61	31.48	39.02	34.91	37.11	42.81	40.05	38.40	44.25	49.20	44.06	46.61	43.27	40.66	41.37	34.67	49.58	44.82	44.63	49.24
chr1	234759154	234848336	89182	TBCE	56.44	22.92	31.63	27.08	35.44	30.85	27.25	50.70	46.82	45.87	43.82	60.72	43.33	42.18	42.44	34.93	35.95	31.58	34.24	32.14	35.68	33.37	46.34	37.87	42.47	40.60	31.83	41.99	52.39	28.75	35.51	36.31	39.39	36.69	35.79	44.41	39.14	36.08	56.52	35.95	44.72	44.15	32.40	35.09	40.92	56.05	43.16	52.95	38.23	46.58	40.16	45.53	30.71	31.08	33.40	30.89	36.27	33.67	32.52	38.52	36.55	38.77	41.93	45.97	41.38	44.55	40.70	38.97	39.62	35.49	48.38	44.88	44.92	44.35
chr1	234843083	234900322	57239	B3GALNT2	59.68	25.40	31.68	29.13	37.19	31.31	29.90	52.31	47.44	48.65	46.44	62.90	46.02	42.43	45.89	35.72	38.36	32.85	34.21	34.60	36.85	35.60	50.08	38.60	43.82	41.87	33.13	42.39	56.59	31.34	37.71	39.27	41.20	36.91	38.03	47.35	40.00	36.61	56.94	36.32	45.87	45.57	33.90	38.00	42.31	60.11	45.21	54.20	41.62	45.72	41.10	45.24	32.95	33.30	36.26	34.20	38.70	35.81	35.25	41.69	40.15	40.82	45.08	47.89	46.17	47.50	43.82	43.24	43.97	37.28	50.35	47.11	46.33	45.56
chr1	235057703	235280316	222613	LYST	60.36	27.54	31.74	31.33	36.93	32.80	32.80	52.66	48.80	49.78	47.13	64.16	47.52	42.16	45.09	36.56	38.91	32.18	34.65	34.70	37.81	37.44	51.56	40.34	44.26	42.40	33.31	42.72	59.71	32.37	38.07	39.55	40.80	37.48	39.67	50.41	39.43	36.58	56.70	35.54	45.75	44.88	35.14	38.02	43.66	61.16	46.37	43.06	42.89	44.67	40.65	43.63	33.41	33.68	36.18	34.88	37.92	36.54	37.08	43.76	41.57	41.06	46.58	49.08	46.68	49.06	46.03	44.39	45.20	37.22	52.27	47.07	47.66	46.62
chr1	236087385	236175684	88299	ACTN2	54.90	23.29	28.52	26.55	33.12	28.40	26.06	49.37	44.06	44.98	43.52	59.09	40.92	40.62	39.25	34.13	35.61	29.87	31.39	32.35	34.68	33.81	46.74	37.71	41.55	37.62	32.40	40.60	53.23	28.70	34.20	35.33	35.40	34.88	36.38	45.75	36.30	34.85	54.34	34.27	42.74	42.97	31.28	33.37	39.09	54.31	40.68	46.02	38.21	44.61	37.92	43.08	28.81	30.15	32.41	30.48	35.30	33.35	33.59	39.32	37.51	36.48	41.68	45.56	40.73	42.59	41.07	39.12	40.58	34.65	46.70	43.30	43.59	43.49
chr1	244251610	244261368	9758	COX20	62.01	26.79	36.09	31.60	36.02	32.34	33.37	53.97	48.21	50.42	45.67	62.89	47.93	41.35	45.03	39.44	38.72	33.19	34.47	35.86	38.73	36.99	50.75	38.16	43.89	41.52	33.97	44.06	56.87	32.03	37.28	41.93	39.53	37.67	38.32	49.65	41.38	36.96	58.11	35.08	47.25	44.78	33.34	36.53	42.92	61.69	45.82	40.94	42.92	47.55	41.02	44.91	32.63	32.84	34.15	35.44	36.30	36.33	37.46	43.46	39.99	42.09	42.83	50.40	45.95	50.55	44.11	43.25	43.05	37.78	51.41	48.03	46.99	48.04
chr1	244572449	245130184	557735	KIF26B	57.73	26.12	32.23	28.83	36.27	30.43	30.00	52.56	48.70	49.33	45.81	61.63	43.59	43.11	42.77	34.99	37.04	32.15	34.84	34.67	36.40	35.61	49.28	38.74	42.92	41.24	33.53	42.98	54.87	30.73	35.70	37.68	40.28	37.62	37.42	47.72	38.89	36.18	56.81	35.25	45.38	44.78	33.61	35.81	40.52	57.36	45.36	53.26	39.56	47.90	39.46	47.02	31.92	32.94	35.21	33.30	36.70	35.12	34.94	40.64	38.69	38.39	43.72	46.22	42.94	44.11	42.24	40.31	41.41	35.56	49.49	45.36	45.22	47.00
chr2	8744826	8861364	116538	KIDINS220	60.94	28.34	32.19	31.61	38.36	32.67	33.11	54.18	48.96	50.23	48.01	63.07	47.29	42.85	44.96	36.55	38.91	32.87	34.94	35.09	37.07	37.51	51.69	40.84	44.95	42.71	33.59	42.93	58.48	31.84	37.49	39.72	41.09	38.33	40.00	50.26	40.17	36.73	57.89	36.40	46.16	45.96	35.82	38.55	44.74	60.81	46.87	48.64	44.20	45.39	41.31	44.46	34.24	34.56	36.47	34.77	38.82	36.61	37.66	44.02	41.01	41.67	47.57	49.55	46.08	48.81	46.47	44.29	45.77	37.86	53.17	47.91	47.38	46.96
chr2	11710701	11860525	149824	LPIN1	58.75	26.53	33.59	29.68	36.24	30.64	30.84	53.68	49.91	49.98	45.79	61.78	43.06	43.15	42.13	35.03	37.82	31.66	34.38	34.91	36.32	35.95	48.72	38.31	42.53	40.63	34.77	44.16	54.69	30.40	35.36	37.97	43.70	37.49	37.74	48.58	38.24	35.98	56.42	35.68	45.53	44.46	33.12	35.11	40.17	56.99	45.59	53.58	39.79	48.42	40.23	48.09	32.91	32.17	35.14	32.97	35.86	35.34	34.63	39.81	38.86	37.97	43.34	45.85	42.99	44.52	41.56	39.14	40.88	36.25	49.60	45.16	45.36	48.24
chr2	23420560	23743675	323115	KLHL29	56.51	26.21	34.18	29.49	35.49	30.36	30.49	54.08	50.36	51.19	46.51	61.19	40.99	43.02	39.67	33.80	35.94	30.81	34.22	34.70	35.91	35.13	48.15	37.58	41.72	40.03	35.28	44.51	53.59	28.83	33.79	37.18	41.88	38.20	37.91	48.07	37.97	34.74	55.70	35.16	44.80	44.38	31.95	34.00	39.12	55.29	44.67	53.27	37.45	51.05	40.37	50.28	30.92	31.90	34.62	32.32	34.68	33.96	32.86	38.80	37.73	35.72	41.16	44.43	41.19	41.15	39.32	37.60	38.61	35.16	48.21	44.77	43.80	48.67
chr2	25769049	25913813	144764	ASXL2	58.89	25.67	31.45	29.00	36.36	31.35	30.55	52.01	47.72	49.07	46.30	61.78	46.05	42.54	44.76	36.13	37.67	32.54	34.65	33.65	37.39	36.27	49.65	39.88	43.43	41.79	33.17	42.06	57.54	31.68	36.99	39.26	39.77	37.57	38.40	47.71	38.86	36.70	55.43	35.41	45.31	44.68	34.35	36.73	42.48	59.72	45.43	49.51	41.78	44.75	40.24	43.87	33.02	32.76	35.15	34.31	37.49	35.73	36.58	42.11	40.17	40.04	44.64	48.31	44.84	47.72	44.19	42.28	43.58	36.83	50.77	46.77	45.61	46.18
chr2	26225959	26279973	54014	HADHA	59.05	26.15	33.56	29.64	36.19	31.61	30.28	51.50	48.08	49.77	46.72	61.17	45.84	43.16	44.49	35.51	38.77	32.05	34.68	35.50	36.15	34.93	49.37	39.59	43.26	41.10	33.33	42.19	55.73	30.42	36.14	38.40	40.73	37.63	37.47	46.81	38.55	36.36	56.81	35.76	45.20	45.81	33.40	36.71	41.37	57.68	45.61	49.67	41.57	46.69	40.61	46.74	32.74	31.73	34.83	34.06	37.48	35.54	36.12	42.07	39.19	40.61	45.17	46.22	43.89	45.88	43.35	41.95	42.31	36.29	50.72	46.61	46.32	46.53
chr2	26280279	26325829	45550	HADHB	58.15	25.29	31.06	28.06	37.04	30.62	28.98	52.02	49.26	49.27	45.97	61.12	45.33	42.99	45.31	35.29	37.68	31.49	35.52	34.88	37.51	34.94	49.17	39.50	42.68	42.00	34.13	42.80	56.08	31.48	35.30	38.35	42.01	37.49	38.38	47.30	39.32	37.20	56.23	35.67	45.70	45.31	33.75	37.00	42.05	59.56	45.67	53.00	41.20	44.60	41.48	45.32	31.80	32.75	34.95	33.61	37.53	35.60	35.89	41.72	38.50	40.63	45.70	46.88	43.81	47.00	43.03	41.58	42.84	37.58	50.22	46.08	46.24	46.09
chr2	26384822	26434484	49662	SELENOI	60.99	26.27	31.48	29.66	38.60	32.69	31.34	51.34	48.51	48.20	48.05	64.81	47.65	43.62	45.22	37.25	39.68	32.47	36.26	36.27	37.84	36.53	50.88	41.54	44.60	42.66	34.79	44.25	57.75	32.25	37.87	40.96	42.88	37.89	39.58	49.00	41.30	38.22	58.42	35.77	45.60	46.16	36.04	37.59	43.48	60.78	47.82	47.91	42.19	46.45	41.88	45.79	34.23	34.89	36.63	35.07	38.00	36.96	37.08	42.87	41.07	40.78	46.29	47.29	45.22	46.99	43.98	43.05	44.62	37.37	51.46	48.13	48.10	48.31
chr2	27351914	27365520	13606	MPV17	56.84	24.95	33.43	27.60	34.15	29.53	28.89	53.57	48.70	49.84	44.52	57.87	40.42	42.50	41.17	32.92	35.07	31.28	35.58	33.62	34.73	32.44	45.10	36.77	38.57	38.53	36.27	45.66	49.13	27.57	32.97	35.06	41.53	35.06	37.17	41.65	36.60	34.91	56.09	34.31	46.21	45.41	30.53	33.45	39.67	52.56	42.82	53.03	35.64	49.58	41.06	50.00	30.13	29.32	31.40	31.64	33.76	30.94	30.32	37.54	35.44	35.83	40.91	44.15	39.59	38.97	39.12	36.76	36.71	32.44	45.40	42.66	41.99	48.83
chr2	27406759	27412735	5976	EIF2B4	53.76	24.61	34.63	28.12	37.66	30.28	29.51	51.80	50.13	50.62	44.79	61.82	40.51	41.91	41.29	34.66	36.10	31.94	35.26	36.79	37.09	33.03	46.72	36.76	42.81	37.69	34.69	44.16	51.83	28.63	33.34	37.07	44.07	38.31	36.57	47.42	39.92	37.09	57.81	34.40	43.47	43.31	33.54	35.78	39.91	54.60	42.48	53.46	37.33	49.51	40.86	50.55	28.59	29.87	31.75	30.92	33.13	31.53	31.58	38.60	36.32	35.30	42.74	43.31	41.26	40.34	38.68	37.17	35.54	35.63	48.19	45.40	44.54	47.84
chr2	32111980	32206198	94218	SPAST	57.43	24.03	30.05	27.31	36.25	31.79	28.23	52.01	47.20	48.32	45.70	61.83	45.60	42.21	44.47	35.74	36.65	32.06	34.57	33.67	37.31	35.00	48.49	40.01	43.56	41.43	33.18	42.49	55.90	30.27	35.58	36.95	38.90	35.72	37.69	46.01	39.46	36.11	56.18	34.96	44.76	44.65	33.37	35.70	41.84	58.40	44.89	52.48	40.69	43.79	39.70	42.70	31.35	32.02	34.64	33.24	36.80	34.71	34.86	40.70	38.52	39.46	44.38	47.08	44.28	46.51	43.74	41.80	41.85	36.54	50.34	45.57	44.81	45.56
chr2	37106341	37164108	57767	EIF2AK2	57.85	25.74	30.69	27.40	35.90	31.15	29.49	50.86	47.61	49.59	46.74	62.48	44.28	43.14	44.63	34.10	36.20	32.62	33.93	34.25	37.08	35.89	49.40	39.93	43.84	42.87	33.80	42.53	56.39	31.39	36.91	37.68	40.40	37.27	38.18	47.43	38.11	36.13	56.53	35.44	45.14	44.57	34.19	36.54	41.17	58.61	45.13	50.71	40.84	45.17	40.50	43.67	33.13	32.35	34.98	33.35	37.45	35.68	34.77	41.63	38.57	40.72	44.04	46.93	44.49	45.93	43.00	41.52	41.93	36.26	49.74	46.17	46.06	46.06
chr2	43891556	44001354	109798	LRPPRC	60.82	27.63	31.25	30.54	37.65	33.09	32.11	53.53	48.31	49.97	47.68	64.31	47.37	42.53	46.60	36.51	39.41	32.62	35.05	33.94	37.00	38.54	52.36	40.97	45.39	42.88	33.60	42.89	59.80	32.31	38.11	40.48	39.45	37.72	40.11	50.93	39.75	38.02	58.01	35.45	45.93	45.63	35.98	39.00	44.53	61.99	46.83	43.74	45.26	44.84	40.23	43.30	33.13	34.63	37.08	35.48	39.50	37.61	36.95	44.49	41.45	42.67	47.07	49.98	47.43	49.50	46.25	44.65	46.06	38.49	52.79	47.02	47.71	46.17
chr2	44322927	44367164	44237	PREPL	60.82	27.62	32.00	30.99	38.01	33.17	32.36	53.00	49.58	49.20	47.60	67.17	48.09	42.77	47.48	37.80	38.49	33.12	34.88	34.84	39.00	38.58	52.57	40.90	44.33	43.55	34.19	43.70	59.02	32.81	38.33	40.53	40.91	38.30	40.37	51.64	40.10	37.57	58.16	36.90	46.46	45.92	36.60	39.43	45.54	62.79	47.44	45.05	43.79	44.69	41.60	43.33	34.31	34.08	36.88	35.90	38.82	37.41	37.97	45.67	42.22	42.43	47.60	51.28	47.00	51.06	45.65	45.46	46.86	38.16	52.30	47.00	47.92	47.62
chr2	55631212	55690978	59766	PNPT1	58.86	25.19	31.54	27.81	37.61	32.10	30.13	52.31	48.58	49.92	46.57	62.84	46.91	43.58	44.88	35.87	38.29	32.67	35.24	34.61	37.60	36.99	50.92	40.02	43.71	42.76	34.44	43.38	57.22	31.69	36.65	39.36	40.59	37.72	38.97	47.55	40.30	36.74	57.65	35.30	46.27	45.27	34.61	37.37	43.80	60.84	45.11	54.70	43.16	45.76	40.59	44.51	32.76	33.23	35.92	33.57	37.47	35.84	35.84	42.66	39.60	40.32	45.82	48.37	45.45	46.69	44.91	42.31	45.09	37.36	51.18	45.51	46.97	47.80
chr2	64998099	65033490	35391	SLC1A4	58.17	26.02	32.99	30.10	36.64	31.10	31.78	53.94	50.39	50.85	46.71	63.00	43.34	43.38	42.93	35.56	36.37	31.94	36.81	36.39	36.82	35.96	49.27	38.62	44.04	41.20	35.02	44.01	54.44	29.93	36.59	38.69	41.05	38.85	38.01	49.67	40.22	37.39	57.12	35.53	45.86	45.50	33.52	36.10	40.18	58.33	45.62	52.01	40.10	48.87	39.87	47.34	31.96	32.44	35.33	33.86	36.65	36.11	35.28	40.91	40.05	39.27	43.31	46.52	42.77	44.85	41.14	40.45	41.30	36.99	49.69	46.61	46.39	50.10
chr2	69332144	69399585	67441	GFPT1	59.46	25.60	30.36	28.76	36.85	31.75	30.16	52.15	48.58	49.53	45.84	62.35	45.84	43.21	44.95	35.69	37.66	32.26	34.67	34.27	36.85	36.40	50.16	40.45	44.36	42.82	33.57	42.15	58.09	32.47	37.41	39.19	40.49	37.29	38.91	48.26	39.47	37.81	57.75	36.61	46.22	45.87	34.10	36.99	43.59	60.13	45.65	54.18	42.41	44.58	40.23	43.51	33.53	34.50	35.78	33.97	39.02	35.62	35.21	42.62	40.24	41.12	45.36	48.02	45.56	48.56	43.77	42.44	42.60	36.79	50.68	45.80	46.60	46.11
chr2	69408095	69451867	43772	NFU1	56.89	23.07	30.53	26.76	36.12	30.43	26.85	51.99	46.81	48.11	44.83	60.86	44.07	42.11	42.94	35.06	35.30	31.64	34.29	33.26	36.73	34.50	46.44	40.31	42.57	40.73	32.91	42.05	54.92	30.22	35.77	36.36	39.43	36.36	36.20	45.78	37.96	36.12	56.55	34.85	43.60	44.55	32.29	34.64	41.50	56.49	43.25	53.76	39.23	43.34	39.44	43.28	32.25	31.53	33.55	32.31	36.07	33.15	33.76	39.76	37.87	38.58	43.45	45.73	43.43	44.92	41.14	39.56	41.26	35.71	47.83	44.33	43.69	46.89
chr2	70221186	70260535	39349	TIA1	60.32	25.32	31.50	27.70	37.28	32.13	29.68	52.21	48.56	48.33	47.35	62.39	46.86	42.47	45.47	36.53	37.84	32.00	35.04	34.65	37.62	36.40	49.12	40.21	44.41	42.65	32.93	41.62	58.34	31.22	37.40	38.91	40.31	37.22	38.79	46.58	39.21	37.09	56.78	36.12	44.40	44.69	33.94	38.47	42.91	59.82	44.76	51.30	43.05	44.84	40.08	45.00	32.09	32.72	35.06	34.12	37.46	35.84	36.81	42.26	40.00	41.32	46.09	46.44	45.76	48.00	44.35	41.44	43.32	36.22	50.47	45.58	45.88	46.93
chr2	71464486	71699459	234973	DYSF	56.03	25.84	33.40	29.30	35.51	30.22	29.99	53.11	50.02	50.51	45.34	59.96	40.38	41.22	39.20	33.62	35.38	30.44	33.30	33.56	35.29	33.94	47.60	37.48	40.93	39.70	35.03	44.26	53.11	27.74	33.53	36.11	40.44	37.10	36.77	46.62	37.66	34.45	54.57	34.80	43.90	43.80	31.39	33.14	37.89	54.30	44.19	50.79	36.77	49.39	40.69	48.68	29.92	31.03	33.80	31.16	33.46	33.43	32.41	38.04	36.64	34.79	40.26	43.99	41.04	40.39	39.73	36.86	38.63	34.46	47.82	44.71	43.30	48.43
chr2	72900348	72905099	4751	SPR	52.70	26.98	34.50	31.84	33.92	29.12	31.69	55.08	52.94	49.64	45.79	59.41	37.53	43.15	35.80	34.67	33.78	29.97	32.92	34.62	35.12	36.48	48.10	34.69	39.12	42.31	34.77	44.24	52.52	25.62	32.12	36.70	45.35	38.88	35.75	47.68	37.80	31.87	52.57	36.03	43.31	43.43	32.49	31.44	35.60	52.22	45.36	47.43	34.25	49.03	42.51	46.10	29.93	31.22	35.09	30.62	35.10	31.87	30.47	36.70	34.94	33.09	36.07	40.44	40.63	39.31	37.35	31.99	35.82	35.02	46.73	44.88	41.83	50.60
chr2	73901171	73928327	27156	ACTG2	56.80	37.50	30.76	28.42	35.23	28.86	45.77	53.97	48.14	49.55	44.79	59.55	42.39	43.25	42.79	34.39	34.73	31.55	33.93	33.41	34.44	34.67	47.17	38.09	42.22	40.34	32.53	43.46	54.73	29.95	34.87	37.18	40.68	36.99	35.01	44.89	37.71	35.51	56.02	34.41	44.24	43.82	33.10	34.19	39.00	57.25	44.62	53.43	39.37	44.80	39.99	45.47	30.61	30.81	33.46	32.94	34.80	34.71	33.72	39.96	36.76	37.57	42.11	45.37	42.30	44.10	40.58	38.88	39.69	34.87	47.32	43.83	42.58	46.82
chr2	73935346	73967403	32057	DGUOK	56.78	40.12	31.92	30.73	35.62	31.24	47.31	53.64	49.33	49.11	46.91	62.34	45.84	43.01	43.99	34.79	36.43	32.39	36.58	35.41	36.77	35.58	50.29	38.79	43.33	39.75	33.78	41.91	57.39	29.68	35.61	37.60	41.00	36.61	39.00	47.07	38.60	36.18	55.29	34.38	45.07	44.23	34.73	36.22	42.36	59.79	46.47	50.81	40.59	47.16	39.75	45.71	32.71	31.37	33.77	33.56	37.04	36.31	36.22	40.18	39.79	39.26	43.73	45.96	42.95	45.44	42.94	40.74	41.27	36.28	49.37	45.40	44.66	47.34
chr2	74369714	74400439	30725	DCTN1	57.66	26.29	34.45	30.49	35.33	30.02	31.12	53.83	49.53	49.30	45.99	59.73	40.81	41.75	41.42	34.91	35.59	30.80	33.82	34.19	36.42	34.72	46.63	37.86	40.76	38.85	35.51	44.45	53.02	28.97	34.84	36.87	41.90	36.41	37.25	46.37	36.63	35.59	55.56	34.77	43.91	44.24	31.53	33.20	38.84	55.68	45.47	51.36	37.01	49.48	41.23	48.64	31.02	31.07	34.07	32.77	34.74	33.62	33.03	38.95	36.66	36.73	41.23	44.56	41.50	41.76	38.53	38.59	38.38	36.03	47.87	43.93	43.90	48.39
chr2	74537970	74542122	4152	HTRA2	62.98	26.91	38.87	29.93	33.54	27.17	29.85	55.99	52.44	54.72	43.20	62.19	36.47	37.41	37.61	32.64	32.77	29.60	34.95	34.88	35.86	34.61	47.55	37.10	39.01	40.19	33.29	44.30	53.50	26.50	33.51	37.76	40.16	37.15	35.63	46.78	34.04	31.48	51.34	33.45	42.17	43.48	31.83	31.09	36.35	53.41	46.43	46.57	33.16	55.11	42.26	50.92	31.17	30.07	29.59	30.04	32.22	29.60	31.36	37.06	35.52	31.43	38.59	40.08	38.89	37.98	35.88	37.01	32.77	30.87	46.99	43.09	40.92	48.19
chr2	84425227	84460977	35750	SUCLG1	61.58	27.54	32.30	30.33	38.44	30.91	31.93	54.37	48.48	49.29	47.75	63.15	47.00	42.51	45.81	37.21	39.67	33.21	35.32	35.56	37.47	38.31	53.52	40.34	44.12	43.27	34.45	41.34	59.78	33.31	38.31	40.00	40.23	37.06	40.16	52.02	40.11	38.63	58.81	36.13	45.58	46.35	35.79	39.02	43.31	61.59	48.36	42.56	43.12	45.54	40.84	44.24	33.74	34.48	36.39	36.02	37.84	37.65	39.05	44.13	41.16	41.06	45.97	48.66	46.53	48.90	45.21	42.71	44.44	38.10	50.89	46.41	47.28	45.92
chr2	86216086	86340099	124013	REEP1	57.61	26.64	32.85	29.05	36.60	29.68	30.91	53.08	48.96	49.95	45.34	61.13	43.89	43.46	41.58	35.24	36.50	31.86	35.08	34.87	36.27	35.00	48.39	37.56	42.40	40.80	34.73	43.19	54.10	29.96	35.18	37.43	41.18	38.00	37.91	47.57	38.97	35.63	56.26	35.03	45.43	44.93	33.44	35.29	40.63	56.19	45.49	51.97	39.38	48.06	39.74	47.36	31.51	31.96	34.69	33.28	35.87	34.92	34.11	40.21	37.90	38.01	42.70	46.51	42.35	43.22	41.78	39.37	40.24	35.74	48.43	45.31	45.12	48.35
chr2	86505443	86565457	60014	CHMP3	60.53	26.78	31.68	29.68	37.35	31.61	31.22	53.13	48.04	49.70	47.73	63.28	46.45	42.07	44.41	35.89	38.07	31.72	34.37	33.96	37.02	36.34	50.95	39.39	43.69	42.01	33.52	42.70	57.86	31.93	36.24	40.19	40.94	38.56	39.20	49.66	39.58	37.32	57.82	35.60	46.26	44.94	35.85	37.35	41.66	60.36	47.01	47.21	42.19	45.44	40.05	43.67	32.57	33.04	35.68	34.79	37.23	35.92	35.85	42.54	39.45	38.90	45.09	47.74	44.86	46.06	44.79	43.97	43.60	37.22	50.41	47.22	47.30	46.96
chr2	88703669	88759952	56283	RPIA	59.48	27.61	33.13	30.22	37.07	32.08	32.08	53.56	49.34	49.94	45.40	62.61	46.72	42.53	44.81	35.59	37.77	32.55	34.79	34.75	38.18	37.66	50.84	39.34	44.61	40.99	34.58	42.72	57.51	31.66	37.11	40.66	42.55	37.89	39.57	51.00	39.06	36.53	57.20	35.18	46.67	44.53	35.82	38.05	41.56	59.48	47.15	41.02	42.95	46.71	41.90	45.52	33.87	33.42	35.61	34.62	37.03	36.74	36.92	43.02	40.71	41.00	46.56	48.12	44.62	47.22	44.91	41.07	44.08	36.91	51.91	47.41	46.41	47.06
chr2	95532208	95560493	28285	MAL	55.11	26.47	34.15	28.75	33.63	30.52	28.90	52.19	49.46	49.23	45.90	60.38	40.70	42.56	38.25	33.34	35.47	30.71	33.90	35.22	35.64	34.19	46.46	37.18	41.97	38.93	35.77	43.36	50.36	28.84	33.20	35.99	45.33	36.74	36.01	45.76	36.98	32.75	53.88	34.90	43.34	43.31	30.59	32.95	38.16	53.85	44.45	50.33	35.11	50.35	38.91	49.49	30.57	30.79	33.23	30.91	32.76	33.43	32.64	37.98	36.70	35.15	39.78	44.04	41.33	38.96	38.35	37.93	36.22	33.47	46.80	45.30	42.89	48.30
chr2	96772832	96780781	7949	CIAO1	55.83	24.73	33.90	26.67	37.05	32.45	28.14	52.47	50.23	52.87	45.07	63.94	41.16	43.69	41.64	34.32	37.18	33.97	37.20	35.34	35.39	33.10	48.50	39.86	42.40	42.91	33.54	44.04	53.04	30.23	34.79	37.21	39.93	40.87	38.20	46.62	37.91	38.06	55.72	36.69	44.84	50.55	31.90	34.69	39.33	56.00	44.87	55.85	40.14	49.49	39.71	50.00	31.40	32.92	33.80	32.35	36.13	33.29	32.92	38.28	38.61	34.24	41.21	46.55	41.28	43.00	42.33	39.09	43.06	36.47	49.82	46.69	46.02	47.04
chr2	99066915	99076837	9922	UNC50	57.86	28.72	35.96	30.89	38.04	32.18	33.06	53.23	50.69	52.17	48.23	62.61	46.39	42.88	44.46	38.03	38.69	32.33	34.08	35.45	40.02	38.69	50.17	39.01	44.07	41.51	33.75	43.05	57.25	33.43	35.68	39.85	42.07	39.32	37.90	51.33	37.42	37.74	55.43	37.09	46.72	44.46	34.84	39.72	42.30	60.22	45.02	36.98	42.70	47.43	40.81	47.21	31.53	34.01	37.19	34.58	37.74	34.38	37.87	43.26	40.08	39.41	46.39	48.97	43.66	45.24	45.63	43.47	42.92	37.28	51.98	45.67	46.76	45.73
chr2	108448100	108475570	27470	SLC5A7	63.11	29.17	31.49	31.25	40.46	35.47	34.06	54.96	48.67	50.97	47.74	65.63	48.17	43.44	46.83	36.28	41.45	33.17	34.47	34.88	38.83	38.23	53.48	42.20	45.50	44.45	34.25	41.99	63.26	32.80	38.12	42.37	39.93	38.43	41.10	52.10	40.38	37.23	56.61	35.03	46.50	46.54	35.70	38.31	45.67	64.13	47.35	37.16	45.05	45.55	41.82	43.18	33.55	34.48	37.35	37.68	39.56	37.67	37.66	43.57	43.43	43.09	47.38	51.39	47.67	50.25	46.89	44.33	48.05	39.41	52.85	49.15	48.16	46.91
chr2	127482407	127541545	59138	BIN1	56.08	24.70	35.42	28.99	34.13	29.53	28.91	57.14	53.53	52.91	46.34	59.30	34.38	40.20	34.68	31.59	32.76	29.16	33.24	33.19	35.41	33.23	44.05	35.84	39.72	38.63	37.45	47.98	50.37	25.49	29.75	33.47	42.36	37.95	35.68	46.54	36.97	32.66	52.36	35.22	43.29	43.21	27.75	29.97	35.63	50.62	43.64	45.54	32.24	56.49	41.84	54.13	28.45	28.75	32.13	30.20	29.10	30.11	29.09	34.54	34.14	29.46	34.70	41.05	38.41	35.12	34.10	33.47	33.88	33.96	45.44	42.46	41.52	51.92
chr2	128073679	128117027	43348	LIMS2	54.96	25.26	36.10	29.89	34.10	29.21	29.50	53.25	51.75	51.47	45.33	59.18	36.33	40.70	37.42	32.40	35.08	28.92	32.90	33.53	34.32	33.92	44.32	37.03	40.98	39.62	36.24	45.90	50.25	26.70	30.31	35.01	41.55	36.86	35.87	46.84	36.97	32.80	52.59	34.47	42.95	42.62	29.76	30.87	37.76	50.90	44.80	47.96	33.55	51.50	41.61	52.93	28.34	28.84	33.36	30.47	30.87	31.14	30.21	35.57	35.16	31.95	36.82	41.50	39.44	35.63	35.07	35.05	34.93	33.87	45.11	42.78	41.95	51.25
chr2	130585290	130615653	30363	SMPD4	55.93	24.18	34.05	27.00	35.89	29.88	27.85	55.27	53.06	51.75	45.67	60.74	41.40	44.06	38.63	34.25	35.74	30.51	34.71	35.42	35.25	34.76	46.77	37.70	41.22	40.11	35.78	45.64	52.73	28.71	33.06	37.05	41.70	38.50	36.55	47.62	38.55	35.08	55.75	36.46	43.85	45.99	30.41	32.99	37.96	53.18	43.51	52.27	37.77	53.49	43.07	52.03	29.33	30.12	35.21	32.75	33.08	33.29	31.92	38.01	36.65	33.18	40.19	44.40	40.75	38.23	39.35	37.82	37.18	35.73	48.51	45.83	42.49	49.56
chr2	134895325	135159268	263943	TMEM163	57.95	26.62	32.11	29.92	37.01	31.27	31.40	52.69	48.68	49.00	46.00	61.97	44.76	43.42	43.27	35.73	37.18	32.22	35.26	34.66	36.61	36.01	49.84	39.54	43.10	41.79	34.05	43.19	56.00	30.65	36.24	38.44	40.37	37.69	38.07	48.52	38.84	36.25	56.48	35.35	45.52	44.67	33.86	36.19	41.35	58.10	45.84	50.42	40.71	48.07	40.04	46.12	31.92	32.75	35.74	33.98	36.97	36.04	35.58	41.43	39.67	38.68	44.22	46.88	43.89	45.18	42.89	40.29	42.24	36.20	50.25	46.14	45.89	46.81
chr2	136350304	136430110	79806	DARS1	61.13	27.03	31.59	30.82	37.86	32.03	32.69	52.06	47.99	49.51	47.01	63.73	47.53	40.77	46.83	36.79	39.20	32.56	34.02	33.57	37.31	38.11	51.43	39.71	44.06	43.06	33.26	42.13	58.12	32.84	37.77	40.33	40.83	38.05	40.05	50.67	40.04	38.22	57.79	35.10	45.89	45.35	35.16	38.67	43.70	62.08	47.20	43.68	43.27	44.03	39.71	43.00	34.18	32.96	35.43	35.10	38.38	36.84	37.60	44.70	41.50	42.06	47.17	49.71	46.71	49.95	45.47	45.18	44.99	37.50	52.48	47.12	47.50	46.23
chr2	149325584	149477131	151547	KIF5C	59.20	27.27	32.52	30.52	37.02	31.76	32.06	53.02	49.25	50.22	47.09	63.42	45.48	43.50	42.93	36.22	38.02	32.07	35.20	35.38	37.01	36.64	50.70	39.02	43.05	41.22	34.59	43.66	56.32	31.67	36.70	39.33	41.21	38.16	38.47	49.92	38.76	36.64	56.62	35.77	46.30	45.36	34.76	36.52	41.65	58.69	46.03	48.10	41.55	48.05	41.09	46.08	32.36	33.19	35.64	34.28	37.78	36.43	35.95	42.54	39.96	39.48	44.75	47.26	44.35	45.58	43.81	41.39	42.33	36.83	50.51	46.56	46.40	46.63
chr2	151937127	152186240	249113	NEB	60.69	28.38	31.98	31.32	37.84	32.43	33.23	53.87	49.10	50.28	47.93	65.04	48.00	43.14	46.25	36.85	39.24	33.38	35.58	35.01	37.51	37.62	52.43	40.53	44.88	42.45	33.98	43.17	58.53	32.84	38.05	40.80	40.97	38.44	40.28	51.86	39.82	37.71	57.88	35.47	45.92	45.77	36.14	38.40	43.65	61.86	47.42	42.83	43.74	45.61	41.10	44.40	34.53	34.14	37.11	35.37	38.88	37.99	38.01	44.27	42.04	41.59	47.11	49.02	45.96	49.44	46.43	43.89	44.58	38.00	52.95	48.01	47.94	46.54
chr2	152284204	152551129	266925	CACNB4	59.10	26.68	32.01	29.99	36.80	31.80	31.24	52.84	49.17	48.90	46.66	62.93	45.66	43.18	43.85	36.14	37.59	32.47	35.00	34.85	36.96	36.17	50.30	39.60	43.87	41.53	33.49	42.79	57.31	31.94	36.91	39.03	40.60	37.50	38.86	48.69	38.97	36.79	57.00	35.40	45.80	44.84	34.31	37.01	42.11	59.65	45.64	47.59	41.83	46.79	39.85	45.87	32.78	33.35	35.51	34.19	37.33	36.30	35.56	42.32	40.14	40.06	45.21	48.07	44.34	47.11	44.62	42.27	43.46	37.14	50.89	46.64	46.53	46.54
chr2	162723726	162775351	51625	IFIH1	61.23	29.67	33.42	32.78	37.69	32.69	34.92	53.78	48.89	49.85	47.85	65.28	48.83	39.66	47.15	37.23	39.55	32.88	35.17	33.19	38.32	39.14	52.45	41.19	44.54	42.92	34.05	43.55	59.68	33.19	39.44	42.14	40.46	39.10	41.67	52.78	38.90	38.19	56.31	34.26	45.94	45.88	37.01	38.99	44.28	63.52	46.81	26.50	45.75	45.03	41.10	42.55	34.51	34.74	36.62	35.86	39.36	37.60	38.84	44.95	42.62	43.04	47.54	49.83	48.48	51.01	46.24	44.75	45.70	38.01	54.53	48.25	48.53	46.31
chr2	165696713	165849575	152862	SCN2A	61.53	29.30	31.89	31.45	37.67	32.84	33.51	53.72	48.71	50.24	47.89	63.51	48.95	40.02	46.71	37.15	39.55	33.16	34.63	33.53	38.11	38.36	52.74	41.30	45.39	43.30	33.66	42.61	59.85	33.18	39.03	40.68	39.58	38.23	41.39	51.72	39.10	37.58	56.93	36.10	45.59	45.47	36.24	38.72	44.53	62.39	47.85	29.01	45.07	43.91	40.58	42.26	34.64	35.17	37.55	35.82	39.31	37.20	38.67	44.97	42.04	42.40	47.19	49.96	47.32	50.38	47.02	45.41	45.75	37.73	52.63	47.31	48.59	46.24
chr2	166442173	166606734	164561	SCN1A	62.36	28.58	32.14	30.61	38.11	33.45	33.23	53.94	48.65	49.65	48.61	64.23	48.12	41.14	47.10	37.45	39.74	33.23	34.91	34.39	39.10	39.30	53.02	41.31	45.80	43.44	33.77	42.63	61.39	33.02	39.23	41.10	40.28	38.85	41.17	52.49	39.51	37.85	56.82	35.57	45.72	45.63	36.83	38.71	45.24	63.54	46.86	27.14	45.36	43.92	40.60	41.82	34.29	35.25	37.50	36.16	39.27	37.55	38.39	45.48	42.42	41.85	47.21	50.26	47.08	50.86	47.48	46.30	46.16	38.28	53.76	48.79	49.24	46.82
chr2	166652732	166833424	180692	SCN9A	62.54	29.01	31.76	31.52	37.75	33.40	33.98	53.26	47.99	49.81	48.79	64.88	49.38	40.97	46.78	37.80	39.81	32.78	35.26	34.07	39.32	37.99	53.94	41.27	45.74	43.37	33.61	42.47	61.80	33.31	38.96	41.51	40.22	38.25	40.80	51.61	39.65	37.53	56.97	35.80	45.77	45.51	36.00	39.34	45.75	64.45	48.11	32.42	45.35	42.82	40.74	41.75	34.58	35.65	37.28	36.30	39.48	37.29	38.31	45.41	42.62	42.96	48.45	50.91	47.76	50.37	47.98	45.95	47.26	38.40	53.65	48.33	48.21	46.58
chr2	169986940	170003489	16549	KLHL41	61.27	28.35	32.07	31.46	36.38	33.09	31.25	52.35	48.08	49.83	49.43	66.12	47.58	42.06	45.08	37.83	39.41	34.01	35.29	35.74	37.07	35.90	50.63	39.65	43.84	41.96	33.32	43.01	59.00	31.81	36.02	39.84	42.42	38.44	41.38	49.90	39.28	36.89	58.77	35.63	46.78	45.73	36.11	36.71	42.51	61.08	45.55	49.82	43.05	44.34	40.04	43.32	35.23	34.18	35.51	35.54	38.39	36.94	35.78	44.07	40.37	42.31	48.09	48.48	45.57	46.90	44.19	42.58	43.87	36.62	52.72	47.26	47.37	47.55
chr2	171294030	171338262	44232	GAD1	56.09	26.28	33.52	29.78	35.02	29.70	30.42	52.12	49.29	49.33	44.94	60.95	43.11	41.23	42.04	35.17	35.72	31.21	34.10	33.27	37.20	35.68	49.68	38.53	41.98	40.98	34.29	44.59	53.80	29.65	34.08	38.23	38.78	37.51	37.92	47.36	37.66	35.71	54.81	34.49	44.74	44.78	33.32	34.86	40.13	56.00	44.52	49.16	39.42	47.72	39.67	44.99	31.59	32.54	35.07	32.71	35.62	35.06	34.02	40.76	38.53	38.17	42.26	44.50	41.02	44.52	41.88	40.42	40.28	34.60	48.81	44.45	44.65	47.15
chr2	173562379	173754582	192203	MAP3K20	60.94	27.13	31.70	30.35	37.05	32.46	32.37	52.44	48.36	49.33	47.86	63.95	47.18	42.77	44.71	37.05	38.72	33.17	34.68	34.23	37.71	37.20	51.96	40.24	44.65	42.12	33.46	43.13	58.92	32.11	37.84	40.35	41.30	38.30	39.99	50.06	39.58	36.73	57.29	35.63	46.39	45.57	36.29	37.91	43.73	61.06	46.94	45.87	43.33	45.57	40.35	44.40	34.63	33.38	36.22	34.94	38.87	37.25	37.62	43.86	40.88	40.94	46.33	48.64	46.38	48.74	46.03	43.36	44.37	37.49	52.32	47.30	47.16	46.31
chr2	175236307	175253177	16870	CHRNA1	59.12	25.21	32.95	29.94	35.56	31.31	29.08	51.86	50.86	48.38	47.18	61.40	44.34	43.05	43.56	35.98	37.41	31.04	33.36	33.35	35.56	35.66	48.09	39.25	43.30	40.60	32.00	42.61	53.26	27.74	35.90	37.84	38.27	36.84	37.95	48.96	37.71	34.15	54.68	33.63	44.59	43.27	33.05	34.56	41.29	57.27	43.00	54.56	41.12	46.71	38.41	45.74	31.74	32.95	34.95	33.73	37.31	36.05	34.31	40.40	38.73	38.69	43.05	46.60	42.16	45.81	41.46	40.43	42.01	33.98	49.85	45.86	44.59	45.74
chr2	176604905	176608071	3166	HOXD10	53.81	26.38	32.92	27.84	35.07	27.04	28.14	53.75	48.61	55.65	42.55	59.89	40.23	38.89	34.71	34.66	36.94	28.85	36.72	34.62	33.60	29.37	46.85	38.24	40.45	40.03	34.57	47.21	50.98	29.04	32.94	36.37	41.85	37.95	37.36	49.23	37.13	37.58	53.48	35.65	41.92	46.61	33.89	32.69	37.57	55.54	40.46	52.45	39.08	46.45	37.85	46.06	31.40	30.82	32.97	33.22	31.12	34.74	28.58	38.67	41.15	31.67	38.97	43.95	41.58	42.58	40.24	37.31	37.49	34.91	46.64	42.48	46.14	45.61
chr2	178914205	178933968	19763	PRKRA	59.29	27.52	33.44	28.21	39.38	32.51	30.87	56.60	50.73	53.34	47.34	65.32	46.94	44.03	44.38	37.94	39.79	33.12	33.92	36.26	38.79	38.50	52.96	41.60	46.84	43.49	36.87	46.07	62.47	32.27	37.26	41.25	43.02	39.05	41.00	50.95	40.25	38.64	56.87	37.03	47.54	44.96	36.13	37.69	47.48	62.81	48.31	47.40	45.56	48.01	41.69	44.62	33.07	34.08	35.52	34.96	39.47	37.15	36.87	44.84	41.36	43.90	46.86	51.03	47.49	51.07	47.82	44.29	45.17	37.50	53.58	47.18	49.46	53.01
chr2	179008782	179290485	281703	TTN	61.47	29.74	32.58	32.80	37.61	33.25	34.51	53.50	48.95	50.37	48.16	63.81	48.22	41.54	46.10	37.91	40.42	32.95	35.39	34.96	38.20	38.45	54.10	41.26	44.35	43.78	33.57	42.72	58.77	33.52	39.60	42.03	40.23	38.55	41.18	52.93	40.06	37.48	57.37	36.11	46.12	46.01	36.71	39.87	44.65	63.00	47.70	26.54	44.84	45.28	40.90	43.99	34.86	34.91	37.81	36.64	39.80	38.41	38.50	45.60	42.45	42.50	48.01	50.74	47.93	50.31	46.97	45.78	45.91	38.52	53.93	47.79	48.14	46.85
chr2	190545059	190552089	7030	MSTN	66.73	30.17	32.50	32.80	38.64	35.46	33.17	52.45	49.19	52.04	46.87	65.09	50.58	40.72	48.52	39.17	39.34	31.20	34.35	34.65	40.38	40.16	53.85	41.84	46.81	44.12	32.56	40.89	65.64	32.10	38.35	41.64	41.08	39.66	40.92	53.52	40.63	36.37	54.66	34.97	42.86	45.98	35.82	42.24	46.66	66.79	45.04	10.96	45.33	41.40	40.26	46.26	35.33	34.63	38.21	36.53	41.40	38.33	38.87	45.13	44.16	42.83	48.16	52.74	49.44	53.92	48.92	46.86	47.21	40.57	55.13	48.24	50.63	43.97
chr2	196678132	197077648	399516	HECW2	60.39	27.83	31.97	30.98	37.65	31.97	32.66	52.71	48.52	49.68	47.15	64.07	46.67	41.98	44.93	36.64	38.26	32.68	35.07	34.45	37.50	37.18	51.71	40.07	43.89	42.24	33.92	42.79	59.13	32.66	37.87	39.76	41.09	38.03	39.60	50.33	39.52	36.90	57.33	35.24	45.98	45.13	35.53	38.04	43.48	61.18	46.80	41.20	42.89	45.78	39.92	44.48	33.83	33.70	36.15	34.96	38.37	36.95	36.72	43.64	40.81	40.80	46.03	49.04	45.81	48.73	45.72	43.44	44.31	37.56	52.27	46.97	47.12	46.43
chr2	197316687	197410380	93693	PGAP1	62.20	28.80	32.18	31.34	37.64	33.32	32.72	53.71	49.68	50.15	48.45	65.14	49.01	41.95	48.15	37.41	40.03	33.49	35.00	34.62	39.03	38.30	52.17	41.41	45.14	43.77	34.20	43.48	61.17	33.44	38.66	40.82	41.10	39.26	40.52	51.29	40.01	37.57	58.00	35.99	46.21	45.56	36.76	38.64	44.34	62.74	47.97	41.62	44.79	43.54	41.55	42.41	34.01	35.46	37.25	36.07	39.65	37.84	38.14	44.65	42.32	43.05	48.35	50.31	48.31	50.71	48.35	46.35	45.82	38.06	53.71	48.59	48.32	46.08
chr2	197970208	197983875	13667	HSPD1	57.62	27.40	34.72	31.49	36.18	31.17	31.92	51.90	47.78	50.46	45.99	61.68	44.16	41.58	44.60	35.38	38.90	31.93	34.61	34.30	38.59	36.63	49.72	39.55	43.20	42.27	35.22	43.46	57.09	30.52	36.81	37.64	41.08	35.94	40.47	48.94	38.53	35.56	54.62	35.32	43.06	44.00	33.13	36.04	43.06	59.70	46.86	53.82	39.15	48.02	39.99	46.20	30.63	32.77	35.46	32.62	36.91	34.25	33.55	41.88	38.14	41.62	44.78	49.03	45.71	46.83	43.74	42.20	42.19	38.87	50.53	46.11	46.78	48.16
chr2	198189048	198192078	3030	MARS2	61.63	28.62	31.74	29.38	39.57	29.70	38.54	53.19	51.04	57.87	46.15	63.50	43.34	45.07	42.92	38.76	37.40	34.32	34.72	33.57	33.82	40.64	50.77	40.07	46.58	44.24	34.39	44.22	56.97	29.51	35.93	43.82	43.27	36.91	39.86	51.88	41.36	36.55	58.27	36.73	50.11	44.17	33.60	35.84	43.02	61.32	45.72	42.83	37.11	45.24	39.34	44.62	35.85	35.18	33.69	39.01	36.28	38.11	35.13	44.79	41.80	37.90	41.90	46.03	44.02	45.68	43.68	38.38	41.93	35.27	45.64	43.18	46.38	50.18
chr2	202180870	202261848	80978	ALS2	60.37	26.82	31.88	29.80	37.47	32.49	32.16	53.06	49.08	48.79	48.38	64.27	48.26	41.78	45.60	36.49	39.00	32.52	35.08	34.11	38.49	37.16	52.91	40.67	44.25	41.67	33.25	42.55	59.26	32.18	37.69	40.11	39.50	37.92	40.41	50.32	39.68	37.20	57.23	34.92	44.54	44.85	35.50	37.72	44.22	61.35	47.39	49.27	43.18	45.29	40.58	44.69	33.83	34.77	37.01	34.76	38.33	37.10	36.64	43.74	40.54	41.53	47.16	48.72	45.70	49.50	45.83	44.56	44.22	37.37	52.54	47.02	46.52	46.58
chr2	206596709	206641337	44628	NDUFS1	56.68	25.58	32.10	28.88	36.34	31.39	29.99	52.96	47.84	49.42	45.42	62.72	45.01	43.19	44.08	35.69	37.23	31.77	34.93	34.56	36.17	37.41	48.59	39.41	43.71	41.53	32.87	43.31	56.20	30.60	36.60	38.27	38.36	36.09	36.53	46.37	38.94	36.63	57.11	34.79	45.11	44.50	33.47	37.35	42.00	56.96	44.53	54.52	41.28	44.50	40.91	44.32	31.16	33.15	34.79	33.08	36.31	34.65	34.85	41.46	39.76	39.25	44.68	47.49	44.39	45.96	43.87	41.38	42.81	37.59	50.77	45.92	46.53	46.84
chr2	210251970	210480010	228040	UNC80	60.79	28.48	32.06	31.13	37.34	32.23	32.73	52.80	48.55	49.57	48.12	64.04	48.10	41.84	45.28	37.55	38.45	32.64	35.03	34.22	37.96	37.42	52.28	40.29	44.81	42.58	34.02	42.95	59.54	32.39	37.83	39.89	39.78	38.40	40.27	51.16	39.30	37.14	57.12	35.59	45.75	45.19	35.60	38.25	43.59	61.82	46.74	40.53	43.83	44.08	40.46	43.58	33.64	34.23	36.78	34.90	39.15	37.37	37.74	43.82	41.41	41.66	46.87	49.02	46.26	48.00	45.91	43.83	44.71	37.42	51.78	46.98	48.03	45.75
chr2	210770852	210795901	25049	MYL1	62.34	29.17	31.60	32.44	37.98	33.13	33.44	53.31	47.03	50.85	46.69	62.98	49.56	40.64	46.18	35.70	39.85	32.70	33.71	33.95	39.27	39.13	54.58	41.32	43.60	43.55	34.24	40.78	61.03	33.44	37.79	41.69	39.05	39.12	40.25	51.43	39.17	37.92	56.21	35.33	44.28	47.36	35.16	39.64	45.99	62.77	48.19	33.48	43.45	43.15	39.93	41.42	34.29	34.17	36.69	36.21	39.16	38.17	37.79	43.69	42.94	41.25	46.98	50.38	45.65	50.28	48.89	46.14	47.44	37.74	52.70	47.00	47.65	44.84
chr2	211856200	213019445	1163245	ERBB4	62.65	29.01	31.62	31.25	37.88	33.48	33.26	53.57	48.30	49.90	48.17	64.50	49.73	41.06	46.89	37.67	39.90	32.88	34.85	34.35	38.65	38.71	53.65	41.54	45.93	43.74	33.21	42.71	61.61	33.29	39.01	41.49	40.59	38.82	41.23	52.36	39.87	37.48	56.94	35.42	46.17	45.26	36.52	39.11	45.59	63.92	47.65	27.88	45.10	42.92	41.56	41.72	35.03	35.40	37.52	36.33	39.74	37.83	38.77	45.37	42.55	42.64	47.80	50.51	48.24	49.84	47.90	46.13	46.76	38.41	53.55	48.48	48.95	46.11
chr2	218756219	218832888	76669	PNKD	55.28	24.41	32.79	27.14	35.34	29.30	27.81	53.48	49.71	50.49	45.19	58.72	39.00	42.00	39.45	33.60	34.16	30.82	33.64	33.54	34.15	33.19	44.10	37.22	40.84	40.34	34.62	44.06	51.96	28.44	33.16	35.56	42.40	35.92	35.48	44.77	37.32	34.04	54.46	35.41	43.75	43.81	31.27	32.59	36.75	52.81	43.64	50.76	35.60	50.56	40.82	48.83	29.61	29.36	31.78	30.57	33.04	32.86	31.49	37.75	35.37	35.06	39.51	42.77	39.63	39.50	37.82	35.93	37.25	34.30	46.26	43.85	41.43	47.87
chr2	219146239	219150000	3761	BCS1L	53.36	26.10	33.20	32.40	35.35	27.50	31.73	54.68	48.39	50.77	47.66	59.98	39.93	42.13	41.20	33.89	37.70	31.22	38.45	31.83	38.76	34.02	47.32	36.33	41.72	40.89	36.13	42.61	53.78	29.31	37.41	36.80	38.50	33.57	39.35	49.66	36.98	37.40	57.19	33.29	44.35	43.37	33.05	35.31	38.18	51.70	44.95	51.40	38.76	45.82	42.30	46.95	27.51	30.93	32.72	32.10	36.63	32.87	32.14	35.17	34.94	32.82	38.80	42.77	43.91	40.34	39.13	36.70	42.26	32.52	48.48	41.54	41.82	48.39
chr2	219268704	219301851	33147	CYP27A1	57.62	25.05	31.81	29.98	36.17	30.73	30.98	52.98	48.64	49.31	45.11	62.89	45.78	42.44	44.57	35.88	37.12	31.81	34.31	36.08	36.53	36.63	48.38	39.84	42.29	40.60	33.45	43.20	54.59	31.03	35.69	38.04	42.08	36.98	38.88	48.26	39.40	36.51	55.57	34.61	43.95	45.30	33.72	36.92	41.46	58.69	45.40	52.01	41.60	48.18	40.99	47.93	32.23	32.29	34.21	33.34	37.60	35.37	35.91	42.33	39.80	39.79	44.52	47.53	44.25	44.66	42.81	41.05	42.37	36.11	51.01	46.58	45.50	47.16
chr2	219734476	219739507	5031	TUBA4A	52.33	24.89	31.08	32.30	31.22	27.18	28.82	53.44	51.26	55.29	43.34	56.74	34.38	37.89	35.66	29.37	34.67	27.30	30.55	30.37	32.89	31.10	44.06	34.17	37.20	35.68	35.64	44.83	43.47	24.19	29.51	34.14	39.04	35.91	35.88	49.93	37.08	34.32	49.73	33.97	43.55	44.59	30.83	29.43	35.59	46.16	40.47	48.37	32.69	47.48	39.82	52.04	28.44	24.62	27.18	28.36	31.04	29.71	28.81	34.73	33.81	30.91	35.66	38.52	37.53	36.81	34.77	31.48	33.62	30.94	43.78	38.95	39.74	48.25
chr2	219764121	219771651	7530	DNAJB2	56.20	26.98	36.10	28.89	34.23	29.42	29.33	57.65	53.94	52.01	44.79	57.68	35.53	40.39	37.94	33.16	31.26	28.11	33.32	34.64	36.09	34.74	42.15	37.46	41.54	39.14	37.17	45.41	50.76	23.73	30.93	35.72	39.78	38.40	34.81	47.02	37.60	30.86	51.63	33.74	42.81	40.62	31.43	30.93	36.91	51.04	43.02	48.40	34.54	54.96	43.58	50.78	28.78	28.46	32.09	29.65	28.44	30.62	31.73	36.32	39.97	29.81	36.98	42.32	40.78	37.60	37.11	36.87	35.51	34.85	45.09	45.45	41.88	50.02
chr2	219903170	219911530	8360	DES	56.85	24.27	33.01	27.32	35.32	29.17	28.61	55.01	51.77	51.25	46.28	61.05	36.78	38.41	35.76	35.53	32.07	30.83	31.46	32.59	38.99	34.41	44.59	37.90	39.43	39.96	35.26	43.04	51.31	27.93	34.76	36.00	41.81	38.90	36.61	43.71	37.98	31.96	53.13	34.86	44.49	43.41	29.74	32.13	37.91	52.32	47.80	48.94	33.08	51.84	41.53	50.71	27.97	29.51	31.85	28.93	30.60	31.19	30.34	36.40	32.91	31.64	36.92	41.44	41.36	36.57	37.21	34.81	36.71	32.29	44.12	42.82	42.28	48.84
chr2	219919622	219978369	58747	SPEG	55.80	25.77	37.01	29.42	34.46	29.06	28.82	54.61	53.58	53.20	45.62	60.79	36.20	40.54	35.27	31.48	33.96	28.72	33.38	33.96	34.68	34.00	44.45	35.89	39.89	38.28	35.79	47.08	50.63	26.44	29.88	35.05	42.69	38.02	36.35	47.50	36.88	32.70	53.80	33.69	43.41	43.46	29.07	29.99	35.96	50.58	43.75	48.38	33.85	54.63	42.31	54.19	28.42	29.65	33.72	29.74	29.76	30.07	29.20	34.20	35.62	30.60	36.43	41.62	38.78	34.77	35.26	33.40	35.25	33.12	44.10	42.79	41.18	50.49
chr2	222684992	222784124	99132	PAX3	60.03	28.44	32.41	30.31	36.90	31.55	32.22	53.07	48.96	49.77	47.17	63.24	47.73	41.40	45.47	36.03	39.07	32.36	34.80	34.54	38.73	38.14	52.78	39.49	44.01	42.13	33.81	43.44	58.04	31.84	38.00	40.78	40.19	37.84	39.70	50.13	39.21	36.63	57.52	35.87	45.73	45.28	34.95	38.10	43.19	60.54	46.56	38.38	43.43	46.18	41.14	44.07	33.06	34.60	36.74	35.40	38.26	37.15	37.38	43.80	41.52	41.56	47.06	48.63	44.47	46.90	45.08	43.04	44.04	36.77	51.41	47.07	47.44	46.65
chr2	228166398	228200658	34260	SLC19A3	57.24	25.40	31.72	29.64	35.74	30.78	30.77	53.71	47.80	47.42	45.72	61.43	45.15	42.18	45.37	35.74	37.16	31.60	34.35	34.61	35.44	36.08	49.22	38.71	42.05	42.36	33.05	42.50	55.03	30.13	37.35	37.69	39.70	40.71	38.07	47.82	38.70	36.31	55.40	34.90	44.81	43.14	33.01	36.52	42.03	56.20	48.63	52.31	41.56	45.37	39.01	44.53	31.84	32.53	34.43	33.48	36.22	35.43	33.29	42.04	38.21	39.10	43.68	46.32	43.11	45.88	42.41	41.74	41.31	36.25	49.96	44.99	44.30	45.87
chr2	232966631	232974639	8008	ECEL1	54.73	27.44	37.57	29.88	36.07	30.87	28.01	57.65	60.08	52.29	50.14	59.87	35.35	39.70	33.51	34.58	34.55	30.56	34.75	34.10	39.10	37.84	48.22	34.40	43.23	37.70	42.85	49.50	49.69	23.55	29.11	37.26	42.91	41.73	37.78	50.36	38.31	34.56	53.92	35.51	46.26	43.22	27.50	29.94	35.17	51.43	46.15	45.43	29.07	62.16	48.39	58.92	31.57	30.04	35.51	28.03	27.32	28.01	26.63	34.79	34.35	28.34	31.95	40.55	38.39	31.10	34.27	31.31	33.13	32.85	44.93	43.63	42.91	58.53
chr2	233012978	233023446	10468	CHRND	55.26	26.67	34.07	28.47	37.08	28.66	28.01	56.84	50.07	50.52	44.75	61.57	38.36	40.58	37.46	31.19	32.97	27.91	33.94	32.69	34.02	33.69	46.19	36.74	39.51	38.83	36.11	46.20	52.71	28.18	31.13	33.95	41.35	38.54	35.37	45.20	37.19	34.47	52.65	37.24	44.54	44.52	29.25	31.77	36.72	52.32	43.65	52.19	34.72	53.37	41.98	52.37	28.61	29.80	32.17	30.22	30.75	30.28	30.42	34.81	36.65	30.89	36.50	42.76	40.80	36.80	36.37	33.52	35.05	31.72	45.07	41.96	40.79	50.33
chr2	233026473	233034899	8426	CHRNG	54.74	24.46	33.41	26.45	34.30	28.55	26.81	57.82	51.74	52.40	43.96	57.16	37.61	42.94	34.86	34.47	33.47	27.62	31.78	35.10	36.15	35.74	41.94	35.44	40.35	38.88	36.97	45.56	48.99	25.81	29.77	35.11	42.46	38.04	37.35	47.61	35.66	33.64	53.51	33.67	45.87	43.34	29.15	30.98	37.13	56.02	45.23	48.76	35.13	52.29	42.36	52.30	27.91	28.34	32.32	30.67	32.12	30.61	30.30	35.54	36.07	32.15	37.05	41.26	40.03	36.73	36.05	33.59	34.10	32.36	47.76	43.69	39.28	50.57
chr2	233184092	233347291	163199	GIGYF2	58.69	26.26	31.02	29.72	37.16	31.27	31.02	52.30	48.21	48.82	46.51	62.47	45.99	42.62	45.42	36.15	37.78	32.32	34.54	33.59	37.30	35.83	49.61	39.68	43.89	41.56	33.13	42.04	57.63	31.86	36.99	38.75	40.07	37.35	38.55	48.08	38.91	36.42	56.25	35.49	45.38	44.37	34.84	36.70	42.85	60.43	45.39	47.41	41.85	44.75	40.79	44.10	32.67	32.64	35.72	34.09	37.51	36.66	35.95	42.37	39.81	40.64	45.47	47.55	45.04	48.14	44.63	42.57	43.11	36.70	50.43	46.10	46.20	46.10
chr2	237815092	237905193	90101	COL6A3	60.43	27.25	32.46	30.52	36.57	30.61	32.35	53.72	49.31	49.34	46.48	62.35	44.54	43.83	42.73	35.68	37.98	32.55	34.78	35.28	36.72	36.58	50.60	39.16	43.03	41.13	34.62	43.39	55.09	31.26	35.89	38.72	40.49	38.03	38.18	48.51	39.26	35.91	57.03	35.43	45.44	45.99	34.61	36.41	40.09	58.79	45.79	53.77	40.99	48.20	40.24	47.60	32.70	33.63	35.77	34.00	37.54	36.12	35.95	41.85	40.12	39.93	43.80	46.35	42.60	45.82	42.22	40.77	41.32	36.23	50.74	45.92	45.68	47.97
chr2	240386241	240518068	131827	NDUFA10	57.52	27.26	34.96	30.34	36.11	31.46	31.52	54.38	49.64	50.61	47.02	61.91	42.21	43.11	41.72	34.96	37.30	31.58	34.50	35.06	36.45	35.66	49.24	38.93	42.01	41.50	35.42	44.94	54.72	29.97	35.42	38.59	42.13	38.42	38.48	49.18	38.95	35.99	56.53	36.33	46.56	45.07	33.22	35.61	40.73	57.62	45.37	53.24	39.28	49.44	41.39	48.49	32.44	32.40	35.55	32.60	36.16	35.14	34.37	40.33	39.38	37.23	43.20	47.22	42.49	43.19	41.06	39.62	40.50	36.20	49.65	45.75	45.43	49.17
chr2	241210500	241320366	109866	KIF1A	54.51	24.94	34.84	28.46	33.39	28.22	28.28	54.25	51.96	50.90	44.61	58.33	34.32	38.63	34.47	31.67	33.22	28.25	32.61	33.27	34.76	33.30	43.64	35.11	39.74	38.09	35.54	46.34	48.95	25.73	29.38	34.70	41.81	37.30	36.16	45.75	35.27	31.92	51.84	33.58	41.94	41.88	28.78	30.24	35.56	49.51	42.98	47.14	32.35	54.53	41.64	53.97	27.78	29.04	32.27	29.51	29.24	29.51	28.28	33.89	33.46	29.46	34.36	40.47	38.47	33.63	33.75	32.57	33.98	32.51	45.26	42.84	40.89	50.85
chr3	4487353	4841309	353956	ITPR1	59.39	27.22	31.98	30.17	36.78	31.24	31.88	52.88	48.68	49.70	47.13	62.60	44.81	43.21	43.16	35.91	37.81	32.38	35.03	35.34	37.03	36.46	50.09	39.22	43.23	41.52	33.70	43.04	56.66	31.41	36.92	38.87	41.20	37.73	38.49	49.20	38.98	36.25	57.20	35.60	45.60	45.24	34.82	36.86	41.53	59.04	45.92	48.77	41.34	47.73	40.00	46.56	32.76	32.59	35.29	33.99	37.64	36.25	35.68	42.05	40.25	39.47	44.43	47.17	43.86	46.61	43.76	41.44	42.79	36.46	50.67	46.24	46.10	46.81
chr3	8724970	8737928	12958	CAV3	57.63	23.60	32.54	27.32	36.15	30.62	28.18	52.08	49.13	49.40	46.92	60.97	40.02	42.70	40.07	34.18	37.23	32.14	35.44	35.26	36.27	33.35	48.62	38.29	41.76	38.10	33.61	42.29	54.85	29.09	34.39	37.72	40.55	38.69	34.52	47.59	37.95	35.92	54.77	34.84	45.93	43.68	32.94	34.66	37.16	55.16	45.62	54.60	36.51	50.57	38.46	46.15	31.46	31.10	33.80	30.79	35.58	35.07	33.38	39.40	37.27	35.91	39.19	43.28	41.27	40.58	40.61	37.25	40.62	36.35	48.80	45.13	44.01	46.65
chr3	9389552	9470070	80518	SETD5	60.28	26.86	31.16	29.77	36.99	32.11	31.95	53.73	48.30	49.83	47.68	62.30	46.64	42.87	44.86	36.13	38.16	32.08	35.10	34.47	37.38	36.99	51.43	40.34	44.21	42.35	33.75	43.01	58.80	32.28	38.32	39.48	41.30	37.59	39.48	49.84	39.67	36.29	55.38	35.53	45.28	44.84	35.39	37.10	42.64	60.76	46.08	47.92	43.06	44.64	40.87	44.63	33.26	33.01	35.86	34.52	38.31	36.48	36.48	43.20	40.25	41.31	45.61	47.60	45.88	47.89	44.82	43.59	44.70	37.39	51.36	47.25	47.40	45.93
chr3	9641461	9694348	52887	MTMR14	56.74	25.69	32.33	28.99	35.95	29.77	29.64	52.30	50.56	49.19	45.87	61.47	41.36	43.70	41.35	34.36	35.96	32.86	35.55	36.38	36.80	34.57	46.70	37.87	41.13	39.81	34.25	44.78	52.17	29.64	35.24	37.57	41.40	37.72	36.57	46.17	38.94	36.01	55.49	35.07	45.18	45.03	32.13	34.48	38.14	54.71	45.52	53.84	38.49	50.11	40.68	49.17	30.02	32.17	33.76	31.82	34.39	34.76	33.55	39.27	37.65	37.53	41.93	45.43	41.10	40.77	41.47	38.22	39.50	35.88	48.63	45.25	43.96	48.34
chr3	11267347	11559958	292611	ATG7	58.21	26.49	32.00	29.00	36.39	31.02	30.15	53.19	49.00	49.42	46.76	62.59	44.68	43.61	43.37	35.59	37.20	32.36	34.98	35.04	36.74	35.96	49.23	38.92	42.74	41.48	34.02	43.87	55.67	31.35	36.13	38.30	41.19	37.95	37.97	47.91	38.94	36.11	56.87	35.34	45.78	45.54	33.82	36.60	41.50	58.31	45.26	52.11	40.70	47.82	40.54	46.78	32.11	32.88	35.31	33.61	36.84	35.86	34.90	41.14	39.59	38.88	43.62	46.78	44.06	45.10	43.07	40.90	42.18	36.84	50.22	46.00	45.54	47.20
chr3	14126996	14145625	18629	TMEM43	57.62	25.40	33.31	30.83	33.50	29.52	30.34	54.67	51.42	52.98	45.91	62.15	40.15	42.53	39.72	35.14	36.31	31.69	33.04	35.24	36.56	34.45	47.25	35.73	42.29	39.24	36.43	44.69	51.74	29.44	32.71	36.65	43.86	37.48	36.46	47.27	37.86	34.12	54.83	35.29	45.92	43.99	31.49	32.98	38.88	54.20	46.19	51.78	38.22	50.87	43.20	51.12	30.94	30.06	33.49	31.81	32.27	33.78	33.59	37.34	39.82	35.78	41.19	41.51	40.20	39.16	40.36	37.93	37.83	35.59	46.70	43.85	44.41	49.81
chr3	15452539	15524108	71569	COLQ	57.54	26.64	32.86	30.75	36.15	31.25	31.82	53.86	49.12	50.91	47.12	61.13	43.54	42.73	42.04	34.88	36.88	32.90	34.95	35.36	35.41	36.99	49.50	37.70	41.91	40.16	34.50	43.18	54.35	30.90	35.60	37.83	40.62	38.21	37.39	47.56	38.54	36.16	56.29	35.54	45.67	44.78	33.69	35.15	39.50	56.58	44.37	52.11	39.05	49.75	40.19	48.23	31.71	31.33	34.59	32.49	36.91	35.37	33.94	40.26	37.36	37.86	43.79	45.27	42.43	44.31	42.32	39.44	40.15	35.65	48.99	45.40	44.58	48.09
chr3	25721798	25792805	71007	NGLY1	61.31	27.18	31.22	30.51	37.50	32.68	32.45	53.28	48.90	48.38	47.58	64.13	47.58	41.63	45.48	37.04	38.74	31.79	34.90	33.74	37.99	37.41	51.21	40.94	44.33	42.98	33.17	42.82	58.36	33.49	37.95	40.63	41.50	38.52	40.56	50.87	39.57	37.31	56.94	35.35	46.35	46.02	35.57	37.35	44.29	61.74	46.11	42.66	43.54	44.90	40.19	43.42	34.34	33.42	35.72	35.87	38.85	37.41	37.67	44.45	41.51	41.77	47.11	49.22	46.76	49.00	45.70	44.41	45.83	39.16	53.15	47.29	47.89	46.27
chr3	37453681	37827665	373984	ITGA9	58.74	27.27	33.07	30.53	36.38	31.09	32.33	53.48	49.25	49.50	46.17	62.02	43.79	43.03	42.59	35.45	37.11	32.14	34.67	34.88	36.65	35.67	49.38	38.29	42.84	40.74	34.41	43.47	55.26	30.99	35.81	38.35	40.49	37.65	38.18	48.44	38.43	36.21	56.69	34.62	45.61	44.35	34.07	36.09	40.90	58.03	45.18	50.37	40.52	48.30	40.08	46.96	32.17	32.71	35.70	33.44	36.67	35.97	35.22	41.24	39.17	39.06	43.87	46.39	43.42	45.09	43.01	40.23	41.29	36.54	49.85	45.45	45.39	47.71
chr3	38709027	38828431	119404	SCN10A	59.14	28.05	33.32	31.73	36.40	31.64	33.48	53.32	49.41	49.53	46.31	62.18	44.88	42.42	43.16	35.46	37.13	31.69	34.22	34.31	36.49	36.09	51.13	38.70	42.41	41.22	33.80	42.99	56.41	31.46	36.88	38.88	40.40	37.58	39.44	49.77	38.25	35.88	56.22	34.75	44.54	44.30	34.67	36.59	41.76	59.08	45.22	37.35	41.18	46.97	39.75	45.52	32.08	34.07	36.41	33.48	37.72	35.83	35.47	41.79	40.13	39.50	44.51	46.96	44.58	45.27	43.46	41.10	42.04	35.62	50.96	46.07	46.14	46.78
chr3	38857980	39064106	206126	SCN11A	59.08	27.91	32.26	31.10	37.07	31.59	32.88	53.23	48.71	50.22	47.52	62.88	46.20	42.45	44.54	35.75	38.57	32.57	34.73	34.50	37.44	37.39	51.37	39.67	43.82	41.47	33.82	43.00	57.64	31.85	37.00	39.47	40.19	37.58	38.70	49.69	39.07	36.50	56.54	34.82	45.49	44.75	34.65	37.36	42.70	59.48	46.23	42.92	42.06	45.62	40.32	44.80	32.88	33.54	35.60	34.72	38.15	36.45	36.26	42.29	40.46	39.86	45.23	47.74	45.17	46.67	44.85	42.42	43.13	36.79	50.47	46.59	46.91	46.63
chr3	39064177	39108828	44651	WDR48	60.45	28.41	33.57	31.21	37.25	32.55	33.40	53.44	49.20	50.35	47.34	63.52	47.16	42.50	45.60	37.35	38.24	31.94	34.78	33.93	36.55	37.11	51.89	40.31	43.11	41.39	32.49	43.21	58.46	31.18	38.29	40.25	41.06	37.53	39.25	50.35	39.10	37.72	58.12	35.86	47.17	45.16	35.23	38.68	42.15	60.75	48.19	45.46	42.71	45.55	40.23	44.96	33.84	32.83	35.69	34.49	38.72	36.38	37.22	43.15	40.65	40.68	46.48	47.87	44.56	47.13	45.16	42.52	44.74	37.81	52.56	47.35	48.13	46.81
chr3	42703547	42710555	7008	KLHL40	54.74	24.66	38.00	29.31	31.97	28.09	30.40	56.06	53.35	48.43	44.91	62.20	36.38	39.03	37.48	33.02	33.43	28.64	32.17	32.33	36.44	35.25	46.64	37.69	37.80	37.88	39.09	47.28	51.60	27.39	31.24	35.45	45.52	38.50	35.17	45.71	34.28	30.13	52.61	32.60	42.74	42.99	31.34	29.09	38.50	49.43	43.25	46.63	32.70	54.21	38.85	51.40	28.82	30.95	31.07	30.89	31.32	30.19	28.85	35.52	34.97	32.28	36.99	40.54	37.70	33.95	34.03	30.12	35.31	33.66	42.87	41.63	42.55	49.58
chr3	43094563	43121424	26861	POMGNT2	59.34	25.93	33.62	29.76	35.56	31.66	32.03	54.96	51.35	49.92	47.41	62.08	43.85	43.70	40.12	34.94	37.72	32.84	35.78	34.67	36.09	34.79	50.18	38.59	42.08	41.06	34.64	43.66	55.29	30.19	35.81	39.20	41.60	37.85	37.49	48.54	38.64	34.80	58.25	34.65	47.25	43.95	34.26	34.90	40.47	56.39	45.33	53.07	40.21	50.06	41.55	47.73	30.30	32.48	35.10	33.80	34.85	35.43	34.96	40.45	39.12	37.25	41.89	44.70	43.16	43.54	42.48	40.12	42.15	35.71	50.01	46.13	45.16	48.97
chr3	43381159	43707182	326023	ANO10	59.69	27.17	32.38	30.47	36.83	32.06	32.50	55.16	50.09	49.38	47.39	63.40	46.17	42.57	44.86	36.22	38.16	32.21	34.83	34.38	37.02	37.13	50.59	39.90	43.85	41.80	34.01	43.00	57.57	31.77	37.07	39.46	40.89	37.80	39.49	49.11	39.21	36.64	56.61	35.88	45.41	45.27	34.66	37.57	42.23	59.78	45.92	46.68	42.42	45.67	41.11	44.73	33.28	33.28	36.10	34.39	38.16	36.50	36.58	43.18	40.19	40.71	45.60	48.32	44.94	47.32	44.85	42.77	43.64	37.19	51.25	46.84	47.34	46.49
chr3	43706457	43749958	43501	ABHD5	61.79	28.51	33.85	30.75	38.60	31.56	32.47	52.29	49.54	50.96	46.68	63.71	46.46	43.24	44.73	36.89	38.53	32.59	35.82	35.28	37.26	37.32	51.47	40.36	44.44	43.59	32.37	42.54	58.50	32.11	38.07	39.43	42.81	38.26	39.05	48.49	39.18	37.29	58.13	35.36	47.39	45.11	35.16	37.64	43.57	62.35	46.97	44.43	44.18	45.76	41.54	45.52	34.73	34.40	36.94	34.33	39.00	38.08	36.94	44.48	41.46	39.67	45.60	48.26	46.00	48.80	45.06	42.84	45.00	36.93	52.21	47.42	47.23	47.67
chr3	48493834	48495650	1816	TREX1	57.96	26.50	33.33	31.90	37.04	32.01	33.31	60.53	56.82	52.60	48.73	64.70	33.44	41.28	40.00	31.54	39.45	29.88	31.88	32.03	33.54	37.76	44.07	38.06	40.04	40.20	36.69	47.92	57.28	23.40	27.12	34.83	42.68	39.73	36.29	49.13	34.47	37.81	53.74	32.21	40.89	43.98	31.70	30.58	38.80	48.19	44.19	46.57	36.85	53.03	43.52	52.99	28.39	28.94	34.72	26.44	26.84	31.60	29.97	32.80	30.03	28.79	30.86	35.75	35.31	34.47	34.83	33.19	32.24	36.78	44.26	47.16	39.99	59.59
chr3	48627961	48638607	10646	UQCRC1	57.30	23.67	36.83	28.02	36.73	29.86	30.34	54.61	52.07	51.13	46.62	59.04	38.64	42.08	38.71	34.38	36.74	28.98	34.03	34.43	35.56	32.76	43.47	36.49	42.50	39.52	34.49	45.96	55.15	28.21	33.56	37.26	44.48	39.85	37.21	45.00	38.94	36.01	54.52	35.64	43.56	45.78	30.96	33.30	37.60	54.77	44.59	56.65	36.03	52.38	40.25	51.14	28.73	30.03	33.30	30.02	33.91	32.94	31.17	37.21	37.73	33.41	39.46	41.59	42.32	39.52	37.24	36.75	36.98	36.86	47.47	44.40	43.27	49.48
chr3	48885895	48927887	41992	SLC25A20	54.74	21.60	29.99	24.78	34.99	29.13	25.47	51.44	47.64	48.89	43.10	56.67	41.09	42.15	39.79	32.17	34.88	31.18	33.42	33.66	35.26	32.90	44.19	36.91	40.49	39.37	33.48	41.94	52.01	28.56	34.02	34.91	39.37	35.79	34.19	41.21	37.31	34.17	54.40	35.12	43.48	43.33	30.23	33.43	37.25	53.09	42.16	53.22	36.75	44.97	39.73	46.45	29.77	30.13	32.05	29.85	33.46	31.48	30.48	36.63	36.01	36.01	39.19	42.99	39.55	39.92	39.40	36.90	38.05	33.74	46.55	43.50	43.39	45.42
chr3	49149185	49161122	11937	LAMB2	57.45	26.01	38.10	30.69	35.81	29.55	30.78	53.73	52.16	50.45	47.20	61.87	37.25	42.34	38.80	33.29	36.06	29.52	35.07	34.45	37.00	34.91	46.14	37.40	43.26	40.17	38.23	47.56	52.12	28.89	33.63	36.05	44.00	40.53	37.29	47.13	39.39	34.37	57.26	36.55	44.46	43.97	29.56	32.54	37.33	54.38	46.16	51.46	32.81	56.15	44.97	57.73	29.78	31.77	32.85	31.99	31.88	32.18	31.11	38.81	35.81	32.04	36.31	42.41	41.55	37.51	38.93	36.73	38.96	36.15	49.49	42.32	44.59	50.18
chr3	49498007	49564630	66623	DAG1	55.97	22.60	31.53	25.39	35.60	30.21	26.38	52.00	47.77	49.18	44.99	60.36	41.83	44.17	40.95	34.61	34.81	32.51	34.96	35.22	36.22	34.47	46.31	38.31	42.96	40.29	34.14	43.69	53.54	29.42	35.16	36.74	41.40	37.06	36.27	44.02	38.21	35.51	55.17	36.06	44.58	44.39	32.84	34.47	39.58	55.01	43.62	54.38	38.20	48.37	41.63	47.43	30.86	31.39	33.19	31.37	34.42	33.85	33.17	40.40	37.86	36.51	41.36	44.43	41.84	43.34	40.47	38.81	39.67	35.30	48.29	44.58	43.28	47.08
chr3	49749201	49753237	4036	GMPPB	51.33	24.17	35.59	31.75	35.40	29.21	31.24	56.56	53.21	50.68	43.57	58.16	38.13	39.46	34.72	30.95	35.58	31.67	31.08	34.38	34.25	31.05	43.63	38.97	40.31	38.33	36.84	44.96	49.26	24.50	27.62	36.56	44.59	39.48	36.21	49.33	36.13	33.14	54.04	35.10	46.22	45.03	29.54	32.19	34.00	49.39	43.34	46.58	27.94	52.15	41.70	53.40	27.66	27.25	30.56	31.36	27.58	30.47	28.96	33.92	34.94	30.08	36.57	42.79	36.70	35.74	31.58	33.19	36.84	34.44	48.88	45.03	45.08	51.59
chr3	50704904	51414618	709714	DOCK3	59.34	27.13	31.86	30.33	36.55	31.79	31.94	52.76	48.42	49.59	46.86	62.77	46.09	42.14	44.78	35.91	37.93	31.88	34.46	33.70	36.87	36.49	50.22	39.67	43.90	41.79	33.71	42.56	57.26	31.74	36.97	38.97	40.56	38.02	38.68	48.98	38.86	36.18	56.18	35.27	45.04	44.84	34.68	37.16	42.74	60.09	46.01	43.21	41.91	45.67	40.75	44.59	32.78	33.42	35.94	34.32	37.55	35.84	36.25	42.32	40.20	39.75	45.08	48.01	44.89	46.96	44.33	42.64	43.46	36.90	51.17	46.55	46.63	46.21
chr3	52727396	52738702	11306	GLT8D1	56.93	24.42	33.41	28.84	34.34	30.78	26.70	52.21	48.79	47.22	43.74	62.76	45.76	42.65	43.28	34.17	36.66	31.67	35.11	33.63	34.95	35.01	45.64	39.05	43.05	39.63	33.82	42.64	52.99	30.33	35.59	36.38	39.01	37.58	35.98	45.54	38.80	36.05	54.57	36.29	45.52	46.47	31.35	33.12	40.77	57.36	44.59	44.40	38.80	46.30	37.58	44.78	30.94	31.53	35.14	31.55	35.92	35.32	32.96	41.54	37.24	37.58	42.39	46.70	42.83	44.57	43.22	39.32	41.77	35.38	49.08	42.97	44.59	47.11
chr3	58048834	58212708	163874	FLNB	57.28	25.58	32.71	28.45	35.98	30.04	30.37	52.53	48.59	49.54	45.97	62.09	43.58	43.90	42.00	34.99	36.65	32.37	35.57	34.69	35.62	35.34	47.78	38.45	42.26	40.24	34.46	43.31	53.82	30.31	35.46	37.35	41.33	37.61	38.17	46.99	38.38	36.03	56.79	35.22	45.82	44.83	33.39	35.60	39.95	56.05	44.79	54.85	39.53	48.91	39.12	48.32	31.57	32.14	34.44	32.78	35.53	35.43	34.43	40.23	38.43	37.81	42.67	45.71	42.83	44.56	41.95	39.64	41.71	35.82	49.20	45.82	45.35	47.38
chr3	69142876	69159409	16533	LMOD3	58.91	25.70	30.60	29.76	35.90	28.99	31.33	52.82	49.00	49.51	47.40	62.42	48.20	44.13	44.14	35.84	36.75	32.37	34.71	33.74	38.63	36.55	47.55	38.73	42.97	41.20	32.02	41.34	56.85	29.76	35.39	38.52	41.82	36.09	37.31	49.44	38.52	36.69	55.31	34.89	44.86	44.91	35.08	37.16	41.34	57.16	44.70	47.26	41.27	44.04	39.61	40.66	35.79	32.11	34.64	34.09	38.00	34.98	36.50	42.43	38.50	39.99	43.74	47.95	44.66	47.21	46.16	40.92	44.06	35.47	51.31	45.27	46.48	43.81
chr3	81543134	81815065	271931	GBE1	62.07	28.71	31.36	31.32	38.26	33.33	32.92	54.17	47.97	49.82	48.09	65.11	48.77	41.20	47.59	37.77	39.34	32.82	35.11	33.61	38.59	37.98	52.69	41.56	45.80	43.64	33.69	42.56	60.45	32.73	38.99	41.33	40.67	38.54	41.03	51.26	39.55	37.24	57.25	35.65	45.84	45.37	36.32	38.83	45.65	63.24	47.42	29.56	44.97	43.47	41.56	41.96	34.77	34.67	36.69	36.04	38.96	36.93	38.39	45.50	41.99	41.99	47.25	50.58	47.51	50.38	47.69	45.46	46.12	38.63	52.95	48.24	48.75	46.50
chr3	87301664	87329903	28239	CHMP2B	60.33	27.92	31.92	31.94	37.81	33.40	33.66	52.66	49.98	50.15	50.17	64.14	47.60	40.91	46.68	37.31	38.95	32.05	35.63	34.60	37.59	38.07	54.82	40.64	46.06	42.51	33.50	43.53	62.28	33.42	38.73	41.85	41.84	39.13	42.97	52.75	41.14	37.94	56.68	35.63	46.45	44.12	37.04	39.48	45.97	63.18	45.98	31.10	44.38	43.33	40.20	41.81	35.09	34.31	37.16	35.76	39.54	37.36	38.53	46.03	43.54	42.54	48.50	51.03	48.51	49.52	47.95	47.66	47.42	37.92	53.27	49.31	49.35	45.55
chr3	103068773	103106448	37675	TOMM70	61.50	27.39	31.95	30.14	37.13	34.15	31.44	52.73	49.43	50.46	48.16	64.03	48.35	41.53	44.75	36.94	40.31	33.16	36.26	35.17	38.50	36.80	51.70	41.63	45.02	43.19	33.48	43.79	60.07	32.62	38.46	41.10	42.22	38.98	39.80	49.93	40.90	37.03	59.29	36.71	46.48	46.75	35.59	38.76	45.01	63.18	46.07	50.58	43.62	47.06	40.74	45.65	34.43	34.11	36.24	34.80	38.98	36.32	38.02	45.12	41.49	42.53	47.10	50.70	47.95	48.96	46.26	45.77	46.23	37.98	52.58	47.39	47.36	47.44
chr3	103415044	103454716	39672	TFG	61.23	27.96	31.46	31.28	37.64	32.23	33.09	53.20	47.98	49.70	47.00	64.67	46.96	40.53	46.14	37.50	39.52	32.58	34.59	34.57	37.71	38.73	52.65	40.50	45.19	43.63	34.01	43.56	73.47	32.39	38.47	41.37	38.97	37.90	40.96	50.84	39.44	37.21	57.05	36.15	46.11	46.24	35.76	38.59	44.30	61.49	47.72	40.70	44.47	44.36	40.01	41.91	33.68	33.65	36.26	36.34	39.57	37.44	37.91	42.94	41.86	42.68	47.80	50.23	48.53	49.05	46.66	44.52	46.18	37.71	53.29	48.47	48.34	45.46
chr3	122188673	122214425	25752	POGLUT1	61.29	25.84	31.45	28.80	36.45	32.07	30.97	52.82	49.70	49.80	47.50	64.34	44.56	44.49	45.49	36.74	38.72	32.44	35.89	34.92	38.88	38.53	50.40	39.93	44.00	41.95	34.64	42.85	56.98	31.65	38.38	39.58	40.94	37.36	40.32	48.07	38.51	36.55	58.63	36.71	44.53	44.96	33.64	36.51	41.65	60.80	47.54	49.74	42.69	45.01	41.05	46.30	32.30	32.74	36.62	33.46	38.38	37.79	36.16	43.50	41.04	40.98	46.46	47.67	45.99	47.18	45.56	43.20	43.85	37.33	50.92	46.74	48.82	46.83
chr3	122361758	122380289	18531	POPDC2	57.69	25.95	32.10	29.79	35.84	31.90	31.04	53.65	49.03	49.32	45.12	63.73	45.99	41.57	43.81	36.24	38.98	31.91	35.97	35.87	35.91	35.69	50.93	37.99	42.72	42.33	33.66	41.73	56.12	32.04	35.93	38.79	39.19	36.73	38.30	47.51	39.28	37.11	54.66	36.67	45.25	46.18	34.65	36.05	38.52	57.99	45.58	49.97	39.68	46.86	40.99	47.94	33.16	33.11	35.46	32.94	37.18	36.13	34.36	42.14	39.18	38.58	44.34	46.46	43.75	46.65	42.55	41.86	41.98	37.46	50.42	46.16	46.69	49.54
chr3	126002376	126169667	167291	ADCY5	56.04	25.82	33.81	29.09	35.39	29.56	29.99	53.72	49.84	49.99	45.09	60.12	39.92	41.24	39.15	33.52	35.00	30.90	33.90	34.16	35.33	33.45	46.66	36.84	40.70	38.86	35.16	44.61	52.03	28.15	33.27	36.39	40.83	37.22	36.59	45.85	37.32	34.28	55.08	34.22	44.37	43.92	31.24	33.38	38.07	54.16	43.64	51.69	36.31	50.39	39.90	49.35	29.54	30.77	33.94	31.55	32.97	33.17	32.26	37.44	35.92	34.30	39.95	43.12	40.46	40.03	38.76	36.31	37.91	34.21	47.55	43.76	43.13	48.45
chr3	126330172	126610461	280289	MYLK	58.04	27.13	33.04	30.04	36.02	30.79	31.26	53.91	49.90	50.08	46.11	62.13	43.43	42.53	41.70	34.43	37.23	31.73	34.60	34.95	36.34	35.92	49.39	38.12	42.24	40.39	33.76	43.30	55.07	30.39	35.78	37.94	40.61	37.61	37.72	48.48	38.08	36.31	55.97	35.27	45.19	44.61	33.75	35.15	40.54	56.93	45.39	49.12	39.55	47.62	39.99	46.89	31.75	32.28	35.57	33.50	36.05	34.95	34.77	40.74	38.75	37.83	43.24	45.41	42.96	44.45	42.28	39.82	41.44	36.01	49.70	45.62	44.96	47.21
chr3	131470838	131559516	88678	RAB7A	57.77	25.71	31.98	29.08	36.40	30.26	29.93	52.95	48.27	48.81	45.28	62.08	42.70	42.24	42.33	34.84	36.54	31.81	35.12	34.45	35.88	35.14	48.34	38.68	42.56	40.17	33.33	42.60	54.48	30.35	36.46	36.85	40.99	36.62	37.15	47.29	39.00	36.13	56.76	34.81	45.57	44.48	33.23	36.89	41.13	57.75	45.04	50.78	40.20	48.19	39.36	47.23	32.51	30.46	33.09	33.21	35.79	35.50	34.05	41.25	39.52	37.38	43.52	46.30	43.35	45.61	41.90	40.55	41.96	35.35	49.14	45.43	44.92	46.66
chr3	131624339	131657836	33497	ACAD9	56.54	24.67	32.58	28.65	35.32	30.38	30.20	52.72	50.08	50.61	45.37	58.52	41.62	43.21	41.03	34.35	35.29	31.79	34.72	34.72	35.09	34.47	47.78	37.42	42.26	41.40	34.57	44.49	53.99	29.11	33.53	37.16	41.78	37.20	37.45	45.31	37.91	34.69	55.81	34.91	45.13	45.76	31.92	34.78	40.10	56.07	45.03	52.37	37.84	48.15	42.57	49.16	30.55	30.77	33.59	31.14	35.19	33.69	32.46	37.67	37.02	37.23	41.00	44.09	41.81	41.48	40.17	37.18	39.09	35.54	47.81	43.82	44.05	49.47
chr3	134205978	134246719	40741	MRPL3	63.72	28.52	32.34	31.80	37.76	32.45	32.30	53.49	48.63	49.27	47.61	64.47	48.52	41.62	47.33	37.57	38.07	34.18	34.22	34.74	38.40	38.76	54.94	40.58	45.63	43.37	32.33	42.02	59.10	33.19	39.43	41.67	40.56	38.85	41.85	51.64	39.01	37.45	57.57	35.29	46.62	45.78	35.55	40.57	44.57	64.79	47.70	32.39	44.58	44.33	41.40	43.99	33.73	34.87	37.07	35.96	39.19	39.58	37.49	45.55	42.56	41.90	47.93	50.75	47.79	50.78	47.94	45.59	46.48	38.24	55.18	48.46	48.88	47.61
chr3	135398922	135424284	25362	UBA5	61.98	29.48	33.55	31.77	37.01	33.17	34.45	53.44	48.51	48.65	48.37	64.74	47.43	41.09	46.06	36.06	39.09	33.47	34.63	33.17	38.52	38.69	53.46	41.25	44.93	42.27	33.47	44.92	61.27	32.59	37.56	39.90	41.11	38.56	39.34	51.63	39.92	36.40	56.01	35.89	45.53	44.99	35.76	37.99	46.70	61.55	47.39	37.19	43.98	44.57	42.39	43.04	34.62	33.64	35.91	35.20	39.68	37.69	37.83	45.70	41.69	41.44	48.10	51.84	48.34	50.65	46.67	43.10	46.54	38.90	50.91	47.31	49.91	48.07
chr3	137345260	137396375	51115	KY	56.28	26.57	33.61	29.90	34.75	30.95	31.60	54.57	51.37	51.24	46.10	60.68	41.62	42.28	40.53	33.52	36.98	30.51	34.06	34.58	36.51	35.42	47.60	37.81	41.26	39.54	35.58	43.07	54.28	29.49	34.92	37.84	41.04	37.69	37.31	48.76	38.20	35.18	56.18	35.28	44.56	43.53	32.30	34.33	38.55	55.52	44.89	49.02	37.68	47.80	41.45	48.60	31.15	31.14	33.92	32.69	34.04	34.84	33.30	39.15	37.98	36.33	42.31	44.70	41.23	42.31	40.33	38.90	40.91	34.65	49.38	45.36	45.16	49.92
chr3	138996152	139070827	74675	PCCB	58.72	25.63	31.06	28.50	36.35	32.10	30.54	52.99	49.03	49.36	46.91	62.08	44.37	43.54	43.93	35.57	38.02	32.50	35.93	34.86	36.75	35.37	49.54	37.85	43.48	41.18	32.98	42.53	55.67	31.19	36.51	38.81	40.23	37.03	38.32	47.37	38.99	36.78	57.26	36.46	46.51	44.74	33.73	36.63	41.37	59.45	45.93	50.52	41.51	46.18	41.43	45.38	32.30	32.54	35.11	34.28	36.60	36.56	35.58	41.74	39.44	39.80	44.65	47.11	44.04	45.55	43.65	41.79	42.91	36.18	49.98	46.91	47.14	47.79
chr3	148824991	148916735	91744	PLOD2	62.42	29.19	31.98	31.74	37.78	32.99	33.23	53.25	49.67	50.60	48.13	64.58	49.26	40.91	46.37	37.56	39.79	32.77	34.25	33.66	38.63	38.21	53.13	41.71	45.08	43.46	33.67	43.30	60.27	33.12	38.82	42.01	40.65	39.30	41.53	53.07	39.53	37.27	56.29	35.72	46.05	45.45	37.17	39.04	45.00	64.39	47.49	29.13	44.58	43.37	41.47	41.91	35.29	34.94	37.77	36.00	38.88	38.03	38.46	45.44	42.80	42.24	46.87	50.87	47.78	49.98	47.28	45.83	46.06	38.56	53.05	48.00	48.96	46.04
chr3	151742258	151782489	40231	GYG1	60.35	27.60	31.49	30.11	36.97	31.14	32.79	53.97	49.17	49.16	47.85	62.33	45.35	42.77	42.92	36.34	37.34	33.48	35.28	35.30	37.25	36.61	50.49	39.21	44.28	42.59	32.83	42.67	57.32	31.73	36.92	38.99	40.23	37.56	39.54	49.45	39.45	35.95	57.20	34.78	45.89	45.08	34.82	37.77	42.68	60.79	46.38	48.48	42.30	44.53	39.80	44.77	32.60	33.04	35.42	35.38	37.55	37.14	36.34	43.46	39.58	40.00	44.44	49.44	44.68	47.75	45.42	42.00	44.77	37.06	50.97	45.70	45.83	47.09
chr3	157798154	157957709	159555	MME	60.92	28.01	30.99	30.70	36.92	32.44	33.05	53.45	49.53	49.64	47.51	64.13	47.98	42.26	45.91	36.91	39.57	32.51	34.61	34.29	38.15	37.35	52.12	40.56	44.60	42.78	33.43	42.92	59.20	32.62	38.69	41.20	39.90	38.14	40.34	51.13	39.40	36.89	56.92	35.09	45.34	45.34	35.56	37.79	43.78	61.68	47.28	39.04	44.18	44.95	41.21	43.14	33.63	34.35	36.94	35.75	38.59	37.29	37.84	44.04	40.80	41.78	46.98	48.97	46.68	47.81	46.35	44.23	45.27	38.01	52.56	47.90	48.33	46.47
chr3	158595659	158629054	33395	SLC33A1	57.00	25.08	30.96	27.90	36.00	30.59	29.29	49.79	45.91	47.31	45.28	61.23	45.60	41.36	43.60	34.83	36.59	30.83	34.43	32.90	35.99	34.67	48.40	38.62	42.33	41.60	31.57	42.75	56.61	30.30	35.96	38.75	39.30	35.77	37.82	47.07	38.55	35.81	56.92	35.00	43.77	44.31	33.13	36.58	39.77	57.41	43.94	54.88	40.35	43.56	39.94	41.87	30.99	32.54	33.52	33.18	36.98	34.71	34.67	41.35	37.85	38.65	42.56	46.74	43.82	46.32	43.33	42.11	41.28	35.90	49.96	44.79	45.73	46.00
chr3	170467194	170518782	51588	PDCD10	63.45	28.86	31.86	31.32	38.16	32.74	34.15	52.96	48.50	51.56	48.51	64.20	48.59	40.94	46.75	37.23	40.33	32.63	34.34	33.47	38.29	37.50	53.79	40.88	45.02	43.11	33.67	43.10	60.02	34.22	39.05	41.41	41.87	38.89	41.06	51.52	40.36	37.97	56.46	35.43	45.66	45.66	36.33	39.54	45.93	63.48	48.20	28.98	43.88	42.94	41.56	43.66	33.78	34.41	38.00	36.18	39.69	37.72	38.56	44.74	42.40	42.04	46.01	51.48	48.64	50.20	46.11	45.96	46.55	38.81	53.83	47.77	48.56	46.57
chr3	173203211	173219032	15821	CLDN11	58.67	25.93	31.88	31.61	37.84	30.00	31.72	51.79	49.26	50.35	46.75	61.73	44.73	41.24	42.98	35.28	36.67	32.45	33.51	32.83	37.77	37.67	49.36	39.93	42.93	40.17	33.70	44.54	54.39	30.07	34.79	37.99	40.08	36.66	37.98	46.25	40.06	35.46	56.36	36.43	45.36	44.28	33.87	36.04	41.92	57.90	43.68	54.80	39.13	48.66	39.42	44.75	31.00	30.55	34.89	32.57	35.76	35.91	35.17	42.36	38.75	38.16	42.96	45.43	43.95	43.50	41.93	40.05	41.31	36.06	49.25	45.49	44.74	47.00
chr3	182199922	182255305	55383	GNB4	59.39	26.25	31.85	29.68	36.64	32.30	30.47	53.68	48.19	50.08	46.34	63.32	47.49	41.76	44.76	35.90	38.25	32.12	34.76	33.56	38.21	37.32	50.39	39.07	44.05	42.70	33.87	43.00	58.42	31.64	37.86	38.94	40.49	37.87	40.41	49.56	38.43	37.43	57.70	35.55	45.22	45.97	34.31	37.58	42.52	60.30	45.98	50.70	43.39	44.68	40.15	43.68	33.64	34.03	35.73	33.83	38.22	35.91	36.52	42.91	40.29	41.24	45.30	48.90	45.64	47.75	45.80	43.09	44.23	37.32	50.47	46.71	46.56	46.29
chr3	183714435	183784535	70100	FXR1	60.24	26.60	31.08	29.48	37.43	32.65	31.54	52.76	48.77	49.27	46.97	64.49	48.35	42.69	46.65	36.83	38.17	33.27	34.87	34.60	38.02	36.92	51.63	41.20	44.93	42.86	34.50	42.43	58.88	32.86	37.48	39.65	39.85	38.04	39.25	49.47	39.83	37.26	58.15	35.73	47.39	46.04	35.85	38.77	44.09	61.97	46.90	46.50	43.31	44.39	40.51	42.63	33.53	34.10	37.14	36.01	39.68	37.69	37.44	43.47	40.92	41.87	46.51	50.04	46.85	48.11	45.98	45.20	45.27	38.08	52.60	47.76	47.93	46.55
chr3	186445097	186493998	48901	KLHL24	61.09	25.63	32.13	29.03	37.71	32.08	30.86	53.75	48.79	48.94	46.78	63.70	47.31	42.69	45.78	35.52	38.46	32.19	35.69	36.18	37.87	36.61	51.25	39.89	44.31	43.17	34.09	43.06	58.49	32.34	35.83	39.54	40.29	37.95	40.77	49.62	39.76	37.40	56.93	36.46	46.17	45.44	34.64	37.46	43.80	61.01	47.18	54.05	42.41	44.84	41.07	43.97	33.48	33.88	35.52	34.59	38.40	37.49	35.34	43.27	40.24	41.53	47.34	49.77	45.73	47.49	46.58	43.43	44.25	37.66	52.33	47.00	46.66	46.71
chr3	186944906	186954859	9953	EIF2B5	58.50	27.24	33.86	27.78	35.69	30.22	29.95	53.55	50.12	46.05	44.50	58.53	40.61	40.80	38.99	34.28	34.93	30.71	34.36	34.88	35.41	35.34	47.64	37.80	39.58	38.33	32.70	39.70	49.82	29.92	36.03	35.33	40.87	39.16	36.99	46.58	36.77	35.62	51.92	35.34	44.56	46.48	30.29	34.35	38.72	54.31	44.49	51.34	38.26	46.34	40.13	48.70	29.32	30.45	34.70	35.26	35.69	34.11	32.58	36.56	37.74	36.12	41.57	38.93	39.08	41.16	39.89	38.12	38.42	34.69	48.03	42.00	41.90	47.41
chr3	187123881	187144618	20737	EIF4G1	54.13	26.40	36.40	29.34	35.40	29.09	30.49	53.87	51.09	49.40	44.19	57.86	44.12	41.60	45.05	33.94	35.18	27.72	33.57	33.46	33.34	33.76	44.33	35.81	39.50	37.40	35.07	43.65	51.10	27.77	32.46	34.66	41.61	35.73	34.23	44.38	37.14	33.17	51.95	35.59	44.23	42.93	30.84	33.79	35.88	53.94	43.80	50.69	34.86	50.87	41.54	51.33	30.09	29.42	33.33	30.80	32.14	32.18	30.38	36.94	34.70	34.06	40.17	42.11	39.36	37.25	39.68	35.55	37.10	32.39	45.58	43.18	43.32	50.33
chr3	187155450	187170873	15423	CLCN2	56.35	25.43	33.74	29.26	35.37	28.64	29.56	54.38	51.08	51.23	44.85	59.16	36.89	40.20	38.14	33.44	34.96	30.49	32.82	33.46	36.30	34.05	44.68	37.93	41.33	39.94	35.76	45.05	49.64	27.99	32.24	35.97	42.22	36.95	37.76	44.08	36.69	33.05	53.58	34.12	46.87	42.60	29.68	31.84	37.78	53.49	40.97	50.83	33.90	51.69	41.02	50.21	29.68	30.99	34.47	30.63	30.98	31.87	29.87	35.76	34.77	31.77	37.76	40.48	40.12	37.11	35.86	36.44	35.63	33.37	45.20	44.16	42.52	49.41
chr3	196288806	196394453	105647	OPA1	61.82	27.77	31.86	31.05	37.72	32.64	32.89	52.79	48.68	49.74	47.47	64.77	47.90	41.86	45.84	37.81	39.26	32.96	35.49	34.33	38.13	38.68	53.00	39.87	44.70	43.29	33.92	43.05	59.96	32.69	38.40	41.12	39.79	37.62	40.41	50.74	40.14	36.55	56.47	36.08	46.25	45.57	35.28	38.35	44.48	62.01	47.08	41.48	44.40	44.66	39.43	43.37	33.87	33.74	36.83	34.93	38.81	37.61	37.74	44.63	41.64	42.07	47.23	49.30	46.71	50.63	46.71	44.45	46.02	37.38	52.62	47.87	48.08	46.44
chr3	199359040	199381340	22300	NRROS	54.89	24.56	33.20	29.02	34.94	28.95	30.14	52.06	51.17	49.46	44.67	61.29	41.01	42.30	41.07	33.06	35.58	30.53	33.76	34.97	37.24	32.37	45.76	36.69	42.10	40.75	33.92	45.53	53.28	29.04	34.09	36.38	42.06	37.61	36.00	45.62	38.62	35.22	55.45	36.26	45.46	44.49	32.22	33.77	38.55	55.70	45.12	53.25	37.16	47.94	40.39	48.77	32.77	29.17	31.64	32.16	34.59	33.94	32.60	39.37	37.72	35.71	39.67	43.71	40.59	40.81	38.34	38.62	39.31	33.93	48.34	43.39	42.28	50.34
chr3	200401253	200482196	80943	RUBCN	55.40	25.19	32.16	28.08	35.55	29.74	28.58	52.11	47.39	48.18	43.73	58.55	43.11	41.82	42.11	34.71	36.83	30.79	34.61	34.29	35.80	34.25	47.45	37.45	42.91	39.52	34.08	42.59	52.67	29.43	34.80	37.03	41.15	36.85	36.91	45.39	37.91	33.85	54.90	34.03	43.58	43.66	31.58	34.84	39.41	55.42	44.17	54.11	38.77	46.20	40.10	46.29	31.30	30.05	34.13	31.98	35.84	34.39	33.23	38.54	37.84	37.28	42.86	45.01	41.85	44.60	40.52	39.07	40.02	34.78	48.73	42.91	44.10	47.48
chr4	3463089	3501240	38151	DOK7	54.45	24.17	35.39	28.74	33.04	28.24	27.62	57.09	53.03	54.41	46.40	58.40	32.46	38.61	34.33	30.76	33.20	29.18	33.31	33.89	34.94	33.77	44.03	34.85	39.87	38.58	37.65	47.61	48.02	24.32	27.86	34.61	43.70	38.55	36.89	46.88	36.02	30.93	51.67	33.50	42.24	42.06	26.40	28.51	34.44	48.83	43.65	43.74	30.90	58.69	43.85	56.90	27.29	29.62	32.62	27.67	26.40	27.94	27.26	33.31	33.45	28.23	32.16	40.50	37.93	31.67	32.16	31.27	32.04	33.41	43.55	42.41	39.72	52.30
chr4	6243865	6277297	33432	WFS1	58.42	26.01	35.37	29.64	35.15	29.72	30.97	55.56	52.22	51.93	46.36	63.00	37.89	42.31	36.56	33.66	35.39	30.48	34.31	35.68	36.12	35.28	47.59	37.15	40.69	40.27	38.13	49.07	51.77	26.86	31.85	36.34	44.27	38.59	36.43	48.83	39.04	35.81	56.57	37.27	45.70	45.50	31.36	32.49	38.58	53.16	45.49	50.76	34.87	54.03	42.26	55.30	30.47	32.56	34.19	32.51	32.70	32.87	32.31	36.41	35.69	32.88	37.70	43.40	41.11	38.11	37.76	35.81	37.38	35.10	46.52	44.73	43.26	51.73
chr4	39257078	39336004	78926	RFC1	60.29	27.02	32.17	30.62	37.83	32.51	31.75	54.33	47.98	49.49	47.04	64.37	47.04	42.96	45.38	36.24	38.91	32.68	36.00	34.49	38.18	37.52	50.58	40.42	45.55	42.57	34.43	42.72	58.40	32.86	37.70	39.51	40.42	37.74	39.09	49.30	40.06	37.43	58.26	35.94	45.49	46.02	35.22	37.90	42.85	61.70	46.58	48.62	43.34	44.26	40.36	44.13	33.06	33.40	36.57	34.72	38.02	37.28	36.80	43.13	40.71	41.68	46.34	48.52	46.36	48.66	45.62	43.30	44.55	37.48	52.79	47.15	47.36	46.89
chr4	41230715	41242242	11527	UCHL1	58.82	27.41	33.56	31.74	38.90	31.09	31.10	54.66	53.35	50.71	49.01	61.81	45.95	43.32	45.59	36.05	39.10	33.09	36.37	37.36	37.67	36.20	51.47	39.57	46.22	41.17	34.02	42.67	57.37	30.64	38.21	41.55	43.61	38.77	42.23	53.23	38.66	36.79	58.19	34.70	44.67	45.47	33.24	38.62	42.00	61.93	47.61	49.99	40.21	49.90	40.45	48.95	32.76	34.26	35.77	34.60	37.57	36.59	35.72	42.70	40.57	39.96	45.06	48.02	45.60	48.20	44.72	42.23	40.84	35.18	52.77	48.16	48.53	49.94
chr4	55506643	55524238	17595	SGCB	60.95	27.47	34.15	30.44	36.96	30.09	31.51	51.59	49.23	48.61	48.29	63.10	47.42	40.63	45.09	36.90	38.34	31.88	35.76	33.84	38.37	36.35	51.35	41.87	44.03	43.33	33.53	43.24	59.70	32.71	38.79	39.39	41.48	39.31	40.05	50.70	38.96	37.34	56.31	35.21	44.78	44.90	33.59	37.37	44.82	60.77	46.13	46.00	41.97	43.58	40.19	43.15	33.72	33.33	35.04	34.97	39.20	37.33	35.70	43.79	41.98	41.10	45.15	48.49	43.90	47.81	46.37	43.37	44.79	37.15	53.20	48.55	46.18	46.65
chr4	85752193	85760070	7877	HNRNPDL	60.08	28.28	35.19	31.46	37.37	31.58	33.68	53.15	49.41	51.29	49.17	61.52	44.32	40.80	44.47	33.62	35.29	29.57	33.88	34.09	40.11	38.94	53.02	42.23	48.16	41.74	36.97	42.82	57.28	32.19	36.08	40.50	42.28	38.10	41.08	52.19	39.44	36.96	54.64	35.19	46.04	44.91	34.16	34.26	42.73	60.20	44.78	49.38	41.99	46.52	44.24	46.68	33.68	33.45	37.95	34.56	36.68	32.80	36.67	42.83	41.41	39.88	46.33	48.65	45.71	48.91	44.34	44.36	41.62	34.64	50.55	45.95	45.70	52.22
chr4	91852643	91855421	2778	PIGY	61.53	26.83	30.77	29.06	38.25	30.02	28.59	60.23	56.87	52.93	45.10	58.67	44.84	45.78	46.66	40.38	39.31	34.47	38.38	29.31	42.59	37.82	52.36	40.72	50.84	41.73	37.94	48.60	58.97	30.57	36.60	42.56	42.31	41.93	38.87	53.12	41.68	35.83	53.99	36.09	44.56	44.31	36.60	36.75	44.98	58.28	46.81	49.71	46.19	47.17	47.50	50.56	33.52	35.55	33.37	35.21	39.21	39.02	39.23	43.89	44.20	41.26	42.10	45.45	48.56	42.05	43.73	39.38	40.79	35.53	51.50	48.72	46.92	53.07
chr4	93055377	93169553	114176	SNCA	62.24	28.44	31.49	31.41	38.11	33.34	34.13	53.15	48.32	49.13	48.11	65.29	49.52	41.73	46.58	37.65	39.11	32.60	34.87	34.59	38.48	37.97	53.58	41.31	45.32	42.85	33.49	41.99	61.42	33.13	38.97	40.66	41.12	39.19	41.13	50.90	39.75	37.13	57.20	35.19	45.89	45.40	36.47	38.59	44.24	63.08	47.65	36.97	44.95	43.93	40.64	42.23	34.99	35.27	37.15	35.93	39.50	37.79	39.12	44.98	42.66	42.23	47.63	50.90	47.81	49.51	46.75	44.89	45.78	38.59	53.14	48.01	48.53	45.64
chr4	95630512	97125827	1495315	GRID2	62.22	28.96	31.61	31.33	37.68	33.35	33.15	53.51	48.54	49.92	48.16	64.81	49.48	40.82	47.08	37.90	39.88	32.69	34.71	34.08	38.61	38.31	53.23	41.44	45.44	43.59	33.38	42.63	61.11	33.21	39.00	41.34	40.27	38.38	41.22	52.26	39.77	37.38	56.72	35.52	45.73	45.38	36.46	38.78	45.16	63.51	47.80	26.88	45.18	43.11	41.48	41.66	34.57	35.39	37.59	36.27	39.05	37.48	38.09	45.42	42.55	42.83	47.78	50.33	47.83	49.36	47.84	45.61	46.65	38.54	53.31	48.03	48.78	46.08
chr4	104338694	104662217	323523	PPP3CA	61.78	28.43	31.49	31.09	38.00	32.97	33.25	53.44	48.84	49.32	48.36	64.29	48.46	40.92	45.92	37.45	39.41	32.43	35.05	34.22	38.31	37.71	52.86	40.95	45.06	42.91	33.44	42.63	60.61	32.89	38.77	40.96	40.56	39.07	40.47	51.73	39.77	37.73	56.50	35.45	46.02	45.82	36.41	38.83	45.02	63.19	47.53	29.63	44.73	44.22	40.19	42.08	34.78	34.26	36.56	35.71	38.97	37.57	38.26	44.83	42.22	41.88	46.69	50.29	47.59	49.88	46.88	45.45	46.04	37.84	52.94	48.17	48.48	46.04
chr4	109352696	109627755	275059	TBCK	61.66	29.18	31.91	31.26	37.63	33.42	33.13	52.22	48.27	49.34	46.75	63.92	47.88	40.98	46.53	36.63	38.53	33.02	34.20	33.77	38.47	38.10	53.27	41.67	45.91	43.46	34.15	43.21	59.47	33.39	38.18	40.38	39.80	38.14	40.38	52.41	39.27	36.36	55.19	35.10	44.98	44.13	35.90	38.26	45.06	62.05	46.51	29.62	43.91	43.40	41.43	42.93	34.13	34.69	36.87	35.19	39.17	37.08	38.08	44.99	41.62	42.39	46.85	49.86	47.47	50.27	47.39	45.96	46.16	38.37	53.08	48.23	48.20	46.77
chr4	109626615	109660528	33913	AIMP1	61.25	28.33	30.78	29.68	38.39	32.34	31.82	52.64	48.67	48.90	48.28	64.91	48.04	41.24	44.10	37.99	38.29	33.12	34.51	33.79	38.03	37.74	55.09	39.99	45.64	42.23	33.06	42.74	60.91	32.35	37.15	41.12	40.77	38.44	39.95	52.98	38.11	36.69	57.60	35.49	45.93	45.47	36.82	38.69	44.84	63.31	46.93	39.57	44.29	43.09	41.08	42.24	34.57	34.31	36.87	35.73	38.05	37.19	38.00	43.76	41.86	42.77	46.53	50.78	46.53	49.07	46.44	44.89	45.17	37.54	52.22	47.88	46.96	45.06
chr4	111233834	111255785	21951	CYP2U1	60.10	27.53	31.21	30.35	35.95	31.39	32.71	52.23	50.19	48.80	47.52	64.01	46.02	41.84	44.00	37.01	37.22	32.84	34.57	34.11	36.26	36.92	50.19	40.13	43.86	41.32	33.76	41.81	57.77	33.03	36.75	38.44	39.56	38.14	39.01	50.75	39.64	36.03	57.78	35.51	46.12	45.23	36.37	37.28	42.95	59.87	45.49	41.74	42.30	46.43	40.75	44.99	32.97	32.49	35.24	34.53	38.44	36.61	36.07	43.78	40.87	41.07	47.48	47.38	45.79	47.00	44.59	42.04	44.36	35.48	50.86	46.00	47.73	46.36
chr4	112110610	112604778	494168	COL25A1	61.31	28.66	32.10	31.40	37.73	32.77	33.43	53.19	48.75	49.89	48.20	64.55	48.36	41.90	46.08	37.25	39.36	32.79	35.14	34.50	38.54	37.88	53.13	40.91	45.16	42.80	33.63	43.08	60.13	33.21	38.55	40.89	40.11	38.57	40.26	51.46	39.78	37.35	57.53	35.42	45.97	45.21	35.94	38.48	44.67	62.56	47.14	37.20	43.98	44.57	40.26	43.31	34.14	35.11	37.30	35.84	39.20	37.25	37.96	44.49	41.77	41.97	47.16	49.80	46.70	49.33	47.05	45.06	45.79	38.02	52.69	47.82	48.08	46.32
chr4	125105374	125121073	15699	EXOSC9	59.16	26.68	31.11	29.60	38.64	32.63	32.51	53.27	49.09	50.69	47.63	65.69	46.05	41.09	47.31	37.75	37.78	33.09	35.11	34.21	38.49	37.84	51.52	41.76	44.45	42.62	33.60	42.10	59.39	32.94	37.80	39.59	41.44	40.83	40.55	48.99	37.21	36.51	56.42	36.62	45.31	46.78	33.85	38.53	42.69	61.90	46.03	52.30	44.86	44.32	40.80	44.14	33.37	33.85	36.14	33.23	39.72	36.79	37.21	43.76	42.22	41.22	47.88	50.84	45.45	49.16	47.56	44.62	45.21	39.21	52.58	48.61	47.34	46.95
chr4	125456396	125666898	210502	BLTP1	63.41	28.93	31.45	31.88	37.77	33.50	34.20	53.26	48.55	50.28	48.61	64.54	48.95	41.23	47.45	37.79	39.88	32.79	35.24	34.30	38.79	38.91	53.09	41.79	45.67	44.13	33.50	42.74	61.29	33.29	38.90	42.14	40.56	38.96	40.92	52.79	39.70	37.85	57.06	35.81	46.34	45.74	36.82	39.72	45.79	64.13	48.12	32.16	45.61	43.34	41.60	42.39	35.01	35.10	37.74	35.90	39.74	38.14	38.97	45.79	42.73	43.19	48.18	51.09	48.40	50.91	48.23	45.95	47.10	39.18	53.57	48.53	49.01	46.78
chr4	148451039	148497987	46948	OTUD4	59.35	27.27	31.40	29.71	37.45	32.50	31.82	53.61	48.82	48.98	46.89	64.92	47.06	42.32	44.80	36.31	38.82	33.11	35.56	34.47	38.68	37.12	52.06	40.28	45.75	42.73	33.36	42.74	59.61	32.41	37.51	39.90	40.21	38.10	40.76	49.90	40.31	36.98	59.05	36.22	46.96	45.75	35.28	38.08	43.88	62.44	47.10	47.62	43.75	44.55	41.04	43.39	33.57	33.35	35.60	34.93	39.85	37.01	36.84	43.32	40.02	41.52	45.34	49.56	46.06	48.09	46.00	43.32	44.98	38.00	52.08	46.85	47.33	47.37
chr4	156476133	156663746	187613	TRIM2	58.56	26.60	32.44	30.04	36.61	30.84	31.94	53.70	48.37	49.00	46.20	62.47	45.28	43.04	43.83	35.73	37.43	32.33	34.55	34.66	36.66	35.58	49.83	39.69	43.30	41.06	34.14	42.60	56.36	31.00	36.55	38.41	41.04	37.63	37.87	48.56	38.95	36.71	56.51	35.18	45.24	45.16	34.27	36.39	41.70	59.18	45.51	52.21	41.50	46.50	39.50	44.82	32.98	32.33	35.41	33.56	37.55	35.91	35.60	41.66	39.83	39.43	44.36	47.21	43.58	46.93	43.34	41.44	42.76	36.38	49.62	46.02	46.09	47.36
chr4	158999646	159069856	70210	GUCY1A1	61.86	28.69	32.81	31.22	38.35	32.44	33.40	53.49	48.72	50.37	48.13	63.52	48.16	41.52	45.35	36.45	39.31	33.26	35.00	33.96	38.52	37.99	54.04	41.19	45.46	43.82	33.74	43.05	59.91	33.46	39.27	40.67	41.31	38.58	41.10	51.35	39.21	37.40	58.09	35.85	46.49	46.63	36.69	39.06	45.02	61.86	46.85	32.16	44.99	44.18	40.21	42.75	34.73	35.19	36.72	36.68	40.31	37.46	38.56	44.75	43.03	41.95	47.45	50.64	47.60	48.82	46.53	44.85	45.43	38.01	53.33	47.68	47.62	46.77
chr4	160421646	160517588	95942	GLRB	61.50	28.70	32.19	31.44	37.62	33.13	33.92	53.32	47.83	48.86	48.43	64.19	48.73	39.96	46.31	37.65	38.82	32.38	34.35	32.96	38.47	38.57	52.43	40.98	46.24	43.14	33.35	42.81	60.55	32.11	38.55	40.61	39.50	37.03	40.69	51.60	39.68	36.95	56.52	35.05	45.45	45.32	36.03	39.03	44.59	62.77	46.64	27.65	44.92	42.60	40.94	42.26	33.90	35.28	37.07	35.72	39.57	37.07	37.62	44.59	42.07	42.70	46.76	49.84	46.42	50.48	47.60	44.85	46.03	37.61	53.23	47.39	48.35	46.17
chr4	162023043	162060372	37329	ETFDH	60.63	26.28	33.02	30.29	38.46	34.13	31.88	52.07	48.10	49.70	47.69	63.24	46.83	43.26	46.64	36.07	37.93	31.93	35.91	34.93	37.35	37.62	50.88	42.49	45.47	42.82	34.46	41.84	57.69	32.95	38.36	40.09	39.70	38.05	39.21	49.56	40.64	36.77	58.78	36.52	46.87	44.68	35.44	37.96	44.91	60.72	45.82	48.44	44.47	44.92	41.57	44.88	33.66	35.40	36.61	35.35	39.32	36.94	37.47	42.14	41.19	42.37	48.25	49.60	46.47	49.73	45.95	45.02	44.49	38.42	52.45	48.08	48.17	47.00
chr4	172752511	172972332	219821	NEK1	60.02	27.61	31.96	30.88	36.64	32.31	32.49	53.55	48.42	49.52	46.67	63.47	47.52	41.34	46.61	36.52	38.59	32.37	34.38	33.70	37.65	36.73	51.72	40.97	45.10	42.68	33.49	42.47	59.25	32.23	37.87	40.22	40.13	38.54	39.79	49.86	39.00	36.78	56.15	35.10	45.27	45.05	35.16	37.53	43.61	61.73	46.24	38.36	43.78	43.45	40.23	42.56	33.82	33.76	36.46	35.44	38.30	36.12	37.28	43.68	41.20	40.89	46.83	49.20	46.33	49.10	46.10	43.62	44.46	37.72	52.25	47.23	47.74	46.08
chr4	179552030	179608308	56278	ASB5	59.67	28.43	30.83	30.74	37.21	32.94	31.92	51.67	47.39	47.22	47.83	63.33	48.69	41.79	45.80	37.02	38.54	33.15	35.38	34.67	37.57	37.51	51.79	39.99	44.27	43.77	33.21	41.48	61.09	31.77	38.48	39.84	40.45	38.52	40.54	51.02	39.20	36.06	55.79	35.70	45.77	45.08	36.44	38.47	44.61	62.92	46.61	42.44	43.94	42.91	40.81	42.74	35.37	33.79	36.55	35.59	38.43	37.22	38.08	44.24	40.74	41.36	47.59	49.26	47.53	49.06	46.73	43.91	43.82	37.00	53.04	47.12	47.47	45.06
chr4	187002488	187056786	54298	TRAPPC11	60.28	26.57	33.20	30.40	37.63	31.64	31.91	53.73	47.17	49.77	46.38	63.43	46.99	42.35	44.85	36.53	38.88	32.81	36.11	34.66	39.22	37.27	51.15	41.07	45.21	43.14	33.20	41.89	58.35	31.58	38.08	40.23	41.08	38.37	38.89	49.23	39.19	37.16	57.29	34.95	44.96	45.67	35.61	38.49	44.26	60.40	46.25	53.04	43.27	44.40	40.35	44.09	33.01	33.76	36.69	35.16	38.68	37.55	36.79	43.83	41.06	41.99	46.25	49.09	45.60	48.42	45.90	43.59	44.87	38.18	52.36	46.61	46.79	46.55
chr4	188486950	188494056	7106	SLC25A4	55.01	27.93	34.76	30.90	35.40	30.92	30.07	52.41	48.77	51.64	49.00	59.30	40.45	43.61	42.48	33.92	38.44	31.39	36.20	33.14	38.00	36.29	51.87	38.24	41.39	38.11	36.98	43.39	53.01	28.87	33.91	39.34	38.62	36.00	37.47	50.03	36.20	35.39	56.32	33.60	45.55	43.76	32.75	34.77	38.19	56.02	47.35	51.81	38.36	46.45	41.70	44.94	30.11	31.05	36.22	30.42	36.46	34.53	36.24	39.84	39.50	38.04	41.58	41.04	40.23	43.38	40.72	37.01	40.67	34.35	46.13	45.56	44.75	49.80
chr4	189934524	190073402	138878	FAT1	59.49	27.66	32.66	30.07	36.17	32.00	31.68	52.03	48.73	48.92	46.96	63.16	46.16	42.84	44.29	36.39	38.26	32.71	35.22	35.31	37.28	37.47	51.33	40.17	43.95	41.91	33.78	42.77	56.78	31.98	37.05	39.53	41.65	38.46	39.12	50.68	39.77	36.39	57.13	35.25	45.63	44.95	35.11	36.74	42.49	59.52	46.23	53.17	41.91	45.65	40.49	45.34	33.61	34.43	36.63	35.37	38.39	36.80	36.63	42.98	40.73	41.18	45.97	48.18	44.87	47.03	43.90	42.49	42.99	36.56	51.94	47.56	47.11	46.91
chr5	209362	248124	38762	SDHA	57.09	26.42	34.00	28.90	37.35	32.18	30.07	55.40	49.72	50.48	46.98	63.14	43.01	43.87	42.02	35.65	37.42	32.48	35.46	35.57	36.62	36.73	47.85	38.71	43.48	42.01	34.41	44.34	56.52	30.77	35.97	39.05	42.50	38.75	38.66	48.95	38.40	35.74	57.33	36.76	46.28	44.64	33.51	34.41	41.30	56.00	45.55	52.72	39.41	50.55	41.60	48.51	32.44	30.77	35.61	34.01	36.12	35.12	34.52	41.07	38.69	38.79	42.64	47.97	44.33	45.36	41.04	40.82	42.59	37.18	50.90	45.57	45.62	47.40
chr5	1303171	1357405	54234	SLC6A3	55.74	25.34	33.70	27.54	34.85	30.23	29.59	52.59	50.48	49.59	46.76	60.44	37.35	40.85	36.05	32.23	34.52	29.04	32.12	33.47	34.66	33.79	46.83	36.94	40.13	39.41	34.94	44.88	52.63	26.91	31.36	34.95	41.40	37.12	35.62	46.16	37.23	33.43	52.39	33.37	43.31	43.25	29.62	31.42	37.88	51.26	43.83	49.57	34.67	51.05	40.30	51.87	28.25	29.66	33.58	30.60	32.07	32.22	30.50	36.12	35.21	33.64	36.62	42.53	39.09	36.20	36.51	35.12	35.71	34.15	46.17	43.55	42.12	48.65
chr5	10189221	10205724	16503	CCT5	58.31	28.48	33.14	29.64	35.16	32.14	31.71	54.15	48.43	51.59	49.60	65.22	46.31	44.50	44.13	35.45	39.28	32.54	35.35	37.33	38.16	36.66	53.31	39.23	44.87	41.02	35.03	45.78	56.77	31.23	35.58	40.04	42.83	40.22	38.78	49.73	38.91	37.81	57.01	35.74	46.42	45.41	35.69	38.04	42.02	61.11	46.96	54.01	42.36	48.25	42.81	48.82	34.69	32.26	37.73	35.83	38.20	35.85	36.69	40.93	39.19	39.95	46.19	45.77	46.53	47.21	44.15	42.22	41.95	39.08	52.85	47.65	46.62	45.89
chr5	16412397	16556330	143933	RETREG1	59.58	27.49	32.85	30.02	37.51	31.84	30.68	53.07	49.33	49.63	47.00	64.05	45.50	43.17	43.74	36.15	38.44	32.76	35.44	35.09	37.80	36.70	50.82	38.73	43.46	41.86	34.21	43.69	56.97	31.87	37.08	39.40	41.59	38.40	39.36	48.92	39.79	37.17	56.98	35.93	45.94	45.43	34.81	37.67	42.47	58.82	45.81	48.57	42.01	47.36	40.66	45.90	32.92	33.19	35.32	34.87	37.72	37.04	35.88	42.40	40.64	40.61	45.00	48.22	44.88	46.37	44.00	42.01	42.83	37.06	50.57	46.34	46.50	47.15
chr5	32468060	32558413	90353	ZFR	60.11	26.62	30.72	29.37	36.76	32.55	30.70	52.62	48.10	49.38	47.16	62.75	47.74	41.92	45.83	37.18	38.16	31.93	34.56	34.28	38.33	36.21	51.82	40.58	43.89	42.09	33.59	42.98	58.43	32.12	37.29	39.13	40.37	38.68	39.75	49.57	39.51	36.93	56.70	35.85	44.30	45.25	35.04	36.75	43.75	60.23	46.43	53.04	43.26	45.09	40.52	43.98	32.99	33.50	35.81	34.88	38.06	36.62	36.29	43.41	39.99	41.37	47.22	49.33	45.39	47.69	45.61	43.82	43.83	38.06	51.84	47.18	46.68	46.75
chr5	36846425	36938148	91723	SLC1A3	60.63	28.12	32.86	30.86	37.82	32.06	32.23	54.02	49.14	50.13	46.71	63.37	46.43	43.69	44.65	36.71	38.90	32.98	35.54	34.91	37.36	37.99	51.62	40.37	44.21	43.18	33.94	42.72	59.58	31.87	37.94	40.25	40.60	37.63	40.73	51.27	40.52	37.24	58.51	35.48	46.80	45.64	36.14	39.05	43.77	61.57	46.51	40.13	42.78	46.29	40.62	46.46	33.99	33.66	36.73	35.00	38.67	37.48	37.52	43.80	41.60	41.22	46.98	48.07	45.87	48.63	44.79	43.11	43.99	37.14	52.49	47.59	47.16	46.83
chr5	38723736	38844482	120746	LIFR	60.13	27.15	32.64	30.67	37.24	31.62	32.04	53.46	48.06	49.88	47.11	64.98	47.38	41.68	45.66	37.07	38.35	32.04	35.34	34.70	38.26	37.39	51.59	39.80	44.53	42.26	33.98	43.07	58.16	32.40	38.16	39.90	39.81	38.88	39.87	51.39	38.69	36.93	56.84	35.35	45.91	44.48	34.66	37.79	43.56	61.33	46.41	44.29	43.09	46.18	39.42	44.28	33.87	34.46	36.74	35.64	38.36	37.38	37.52	43.94	41.01	41.03	46.13	48.61	46.66	48.41	45.68	43.92	44.62	37.13	51.98	46.62	48.24	46.76
chr5	43540304	43566247	25943	HMGCS1	60.97	27.07	31.41	30.27	36.32	31.80	32.38	52.14	48.60	49.58	45.56	64.76	46.66	42.62	46.42	36.35	37.92	30.83	33.61	34.40	38.15	36.43	52.76	40.85	43.84	41.85	32.83	42.46	57.88	31.72	37.60	40.50	41.75	38.49	41.36	49.93	39.51	36.71	56.21	34.72	46.45	43.54	34.97	39.12	42.81	61.80	45.69	45.53	43.90	46.27	39.98	45.40	34.11	32.21	35.69	36.20	38.78	37.43	34.65	43.72	41.18	41.69	47.46	50.80	44.92	48.09	44.82	44.04	44.85	37.98	51.77	47.01	46.49	46.86
chr5	54388485	54511162	122677	NDUFS4	61.02	27.97	31.56	31.01	37.51	32.70	32.98	53.16	48.59	48.93	47.73	64.86	48.31	41.81	46.20	37.73	39.41	32.24	35.22	34.17	38.51	38.23	52.80	40.74	45.14	42.53	34.10	42.42	59.36	32.92	38.54	40.26	40.54	37.99	40.84	50.52	39.13	36.86	56.72	35.84	45.19	45.14	35.99	38.37	43.92	62.59	46.36	35.99	44.10	43.74	40.86	43.20	33.00	33.38	37.16	35.64	38.48	36.86	38.44	43.73	40.63	42.13	46.84	49.80	46.77	48.71	46.87	45.14	45.50	37.87	51.68	47.41	48.07	46.56
chr5	55283263	55283942	679	HSPB3	62.77	27.65	33.23	29.29	23.98	31.86	34.57	60.59	48.10	51.72	43.47	62.44	43.41	34.93	47.95	30.20	37.97	30.03	28.89	35.25	30.97	30.22	56.96	39.69	45.48	39.13	37.20	38.70	59.14	32.57	35.63	36.74	42.76	38.48	29.47	42.43	37.26	37.28	61.92	37.40	45.72	37.15	34.76	37.07	38.79	60.99	44.32	50.68	34.93	43.61	38.96	44.83	25.40	34.80	37.22	37.70	35.93	36.01	41.49	44.97	40.17	41.29	42.31	39.77	41.23	54.16	48.91	40.52	39.02	27.62	50.04	48.34	44.75	51.44
chr5	61761595	61969442	207847	NDUFAF2	60.71	28.75	31.75	32.06	37.31	32.80	33.75	53.06	47.96	49.54	48.37	63.55	48.32	41.35	46.26	36.96	38.60	32.72	34.49	33.56	37.41	38.01	52.56	40.89	44.55	42.85	33.64	43.11	58.99	32.68	38.15	39.88	39.97	38.86	40.67	51.40	39.23	36.52	56.07	35.44	45.51	44.96	35.91	38.48	44.43	62.71	46.57	30.80	43.43	43.28	40.30	42.28	34.35	34.37	36.64	35.62	38.58	36.81	37.33	44.13	42.15	41.48	46.51	49.27	47.15	49.40	46.57	44.88	45.49	37.71	52.44	47.15	48.27	46.05
chr5	70318186	70383882	65696	OCLN	59.41	27.07	27.27	26.64	34.56	29.59	27.78	53.11	48.49	46.52	41.68	54.66	42.78	42.83	38.43	33.35	40.06	29.10	34.85	33.07	32.08	34.34	43.23	38.27	40.92	42.82	32.11	37.52	49.24	29.21	32.17	35.75	42.05	34.40	38.00	47.07	34.80	36.89	53.66	33.21	45.07	42.11	33.84	37.49	38.99	60.13	45.27	50.21	38.16	43.29	40.38	45.99	31.78	31.08	32.52	31.58	40.10	33.96	31.04	35.94	33.11	34.68	40.88	43.97	40.97	39.65	39.17	37.96	41.01	36.57	47.53	42.61	43.48	47.11
chr5	75120987	75202190	81203	HEXB	57.97	26.21	32.20	29.28	36.29	31.32	30.59	52.12	48.36	49.44	46.46	61.80	45.33	41.35	43.47	35.95	38.05	31.99	34.63	34.62	37.13	36.57	49.44	38.96	43.19	41.79	33.70	43.27	56.51	31.14	36.13	38.74	40.09	37.57	38.36	48.15	38.88	36.15	56.14	34.92	45.13	44.72	33.85	36.30	41.74	58.36	45.62	50.44	40.09	46.83	39.41	45.36	32.65	33.23	35.00	33.34	37.28	36.12	34.71	41.61	40.04	39.15	44.19	46.32	42.74	46.33	42.35	41.23	42.12	36.78	50.50	46.63	46.46	47.23
chr5	75818060	75843009	24949	HMGCR	61.02	27.15	33.67	31.86	38.56	33.50	32.71	54.53	48.66	50.61	48.66	65.38	48.65	42.73	46.49	38.39	40.02	32.89	35.09	34.94	37.68	38.01	53.70	41.02	45.55	43.88	34.29	42.63	58.39	32.20	38.80	41.18	41.28	37.82	40.09	50.79	40.72	37.80	59.26	36.04	47.18	45.31	36.19	38.64	45.25	62.42	48.05	49.73	44.89	44.60	41.93	43.45	34.38	35.30	37.13	35.80	39.15	37.42	38.63	46.14	42.58	43.46	48.31	50.32	46.84	49.28	49.17	45.77	44.79	38.69	52.59	50.35	49.20	46.56
chr5	94067282	94078673	11391	NR2F1	52.54	24.97	33.23	28.62	34.36	28.64	26.94	46.10	45.68	42.34	40.86	57.78	40.45	39.61	36.95	33.40	33.48	26.43	31.66	32.15	34.99	34.20	46.75	36.09	39.57	37.23	34.13	44.80	49.86	27.50	30.11	35.04	38.69	35.64	37.50	46.18	33.69	32.73	52.36	30.94	43.54	43.65	29.51	29.95	35.46	52.01	43.57	48.63	36.40	46.05	39.83	44.32	31.09	31.35	32.00	29.82	31.86	32.50	31.15	36.02	38.47	33.33	39.03	39.81	38.36	39.35	38.88	33.99	36.86	33.17	43.17	42.20	43.00	46.87
chr5	111248729	111275743	27014	SLC25A46	62.49	28.03	32.43	32.57	37.29	33.58	34.11	55.58	49.18	50.05	47.85	65.93	48.26	40.55	47.05	37.83	39.05	31.87	35.65	34.73	38.58	38.44	53.28	42.66	46.90	43.30	34.37	43.35	62.05	34.07	38.94	42.27	41.86	39.38	41.97	52.90	39.74	37.06	56.51	35.57	45.52	46.48	36.26	38.96	46.76	62.90	46.92	26.24	45.28	44.56	41.93	41.75	35.99	36.26	37.66	36.32	39.71	37.00	38.69	46.73	42.13	42.69	46.27	49.71	48.12	51.44	49.07	45.75	46.25	38.86	54.96	50.11	49.47	46.08
chr5	114568912	115009369	440457	KCNN2	60.90	28.49	32.08	31.01	37.25	32.82	32.59	53.78	48.94	49.74	47.52	64.29	47.78	41.75	45.90	37.12	39.11	32.64	34.95	34.51	38.02	37.75	52.30	40.46	44.90	42.31	33.62	42.91	58.86	32.54	38.47	40.34	39.96	38.30	40.37	51.18	39.25	36.90	56.86	35.25	46.06	45.10	35.88	38.15	44.06	62.03	47.13	32.97	43.78	45.29	40.90	43.71	33.89	35.06	36.59	35.47	38.46	37.18	37.40	44.06	41.41	41.86	46.70	49.77	46.39	47.68	46.27	44.23	44.98	37.81	52.34	47.74	47.73	46.03
chr5	127296578	127357028	60450	LMNB1	57.29	25.34	32.00	28.37	36.15	30.36	30.17	51.68	48.19	50.07	46.21	61.63	45.40	42.32	43.87	35.68	36.55	32.29	35.30	33.85	36.69	35.49	48.62	39.44	42.95	40.63	34.47	43.18	55.11	29.77	35.43	37.41	40.57	36.17	37.83	46.83	38.52	36.80	56.87	35.73	45.69	44.47	33.27	35.58	41.32	58.03	45.08	53.18	40.13	47.13	38.61	45.18	31.45	31.72	34.62	33.52	36.43	35.11	35.25	41.16	38.68	38.34	43.55	45.29	43.76	45.74	43.68	41.28	42.05	35.86	49.86	45.48	46.15	47.63
chr5	127810565	127981009	170444	MEGF10	61.08	27.93	32.16	31.35	37.48	32.22	33.53	53.31	49.35	49.35	47.22	63.86	47.00	42.55	44.81	37.27	39.22	32.98	35.33	34.74	37.65	38.16	52.54	40.00	44.84	42.11	33.90	43.25	59.35	32.23	37.93	40.69	40.45	38.49	40.60	50.71	39.32	37.13	57.28	35.97	46.07	45.51	36.04	38.16	43.48	61.70	47.42	40.94	43.80	45.61	40.13	44.59	34.24	34.68	36.89	34.90	38.82	37.77	37.38	43.89	41.96	41.58	46.77	49.32	45.68	48.70	45.69	43.76	44.20	37.50	52.41	47.56	47.88	46.57
chr5	128776746	129057063	280317	FBN2	62.15	29.17	32.08	31.85	37.58	32.90	33.71	53.82	49.42	50.11	48.16	64.85	48.90	42.06	46.56	37.42	39.81	32.96	35.02	34.91	38.19	38.32	53.25	41.56	45.40	43.46	34.08	42.97	59.98	33.06	38.86	41.45	40.77	38.90	40.90	52.32	39.86	37.61	57.30	35.59	46.21	45.72	36.18	38.28	45.39	62.67	47.79	37.97	44.96	44.68	40.93	42.92	34.66	35.20	38.12	35.92	39.48	37.65	38.14	44.87	42.65	42.60	47.73	50.47	47.42	49.41	47.42	45.27	46.12	38.02	53.60	48.02	48.29	46.69
chr5	131678017	131684247	6230	HINT1	59.36	21.81	31.07	28.01	36.68	32.95	27.70	54.90	50.65	49.05	43.89	58.89	43.61	43.51	49.50	36.18	37.02	30.86	37.26	35.92	35.64	39.61	53.75	42.57	44.83	41.44	36.70	43.90	54.58	30.49	34.12	39.91	45.60	37.89	37.76	48.74	38.01	35.38	59.03	34.83	45.36	42.88	33.25	37.78	42.42	57.13	46.40	54.77	43.24	49.49	41.97	46.74	32.14	30.63	36.45	37.76	36.88	33.88	36.97	41.61	39.11	42.14	42.26	47.59	45.46	48.71	44.78	42.96	41.57	35.01	50.28	44.21	47.61	47.73
chr5	131689920	131724424	34504	LYRM7	58.00	25.59	30.08	29.01	37.62	32.08	30.41	51.89	46.45	47.66	47.16	65.16	47.19	42.72	47.23	36.76	38.53	32.00	35.85	33.31	37.93	36.54	49.60	40.46	44.96	41.55	33.88	41.10	59.69	31.70	38.23	39.76	38.88	36.50	39.38	47.03	38.81	35.96	55.37	34.82	45.55	44.06	34.56	36.86	43.69	60.50	46.22	52.60	43.75	43.63	39.93	43.32	33.12	32.10	35.32	34.16	38.11	36.50	36.24	45.36	40.91	41.33	46.45	48.36	45.45	47.80	45.85	42.89	43.41	38.53	51.06	46.72	46.86	45.71
chr5	132889603	132915514	25911	SLC22A5	58.18	26.84	33.19	29.29	36.85	29.96	31.27	53.52	51.49	50.41	46.61	60.38	41.55	43.40	40.30	35.40	36.46	30.14	34.84	33.93	35.88	35.60	48.47	36.53	41.51	37.79	34.59	44.16	54.82	29.98	34.23	38.30	42.69	38.22	37.37	48.02	39.01	34.19	55.93	35.21	44.80	44.90	32.97	35.00	39.05	56.43	45.40	53.72	38.48	48.17	40.96	48.12	31.84	30.42	33.17	33.06	34.90	34.10	33.40	38.00	38.43	36.09	42.23	45.04	41.14	42.20	41.16	37.93	40.16	35.71	50.26	44.61	45.17	46.06
chr5	133386395	133388600	2205	UQCRQ	58.50	28.55	31.86	31.98	35.24	30.53	29.16	52.57	58.23	54.47	51.07	68.13	42.70	45.79	41.58	38.28	35.84	31.85	38.75	33.41	37.23	37.94	49.59	41.36	43.56	39.97	39.54	46.84	55.86	28.19	33.43	36.51	41.43	36.05	41.49	48.49	38.60	39.17	58.93	38.10	47.20	45.87	28.92	35.51	41.11	55.90	42.01	49.41	40.15	50.44	50.73	48.89	30.14	32.73	33.82	30.29	36.51	41.01	33.42	43.68	37.43	39.27	43.01	44.98	38.46	40.58	43.72	39.27	39.14	35.87	49.23	47.62	50.17	52.44
chr5	138394285	138414287	20002	MYOT	60.05	27.41	31.27	30.15	39.28	31.73	31.81	53.02	48.77	48.53	48.11	63.34	47.65	41.56	45.45	37.88	39.28	33.76	33.99	34.78	39.43	36.83	52.21	39.31	45.92	42.56	33.97	42.91	61.10	33.36	39.06	39.15	41.42	37.01	40.16	48.47	39.89	37.71	59.65	36.45	44.34	44.73	35.31	38.65	43.81	61.05	46.45	49.91	44.14	45.32	40.21	43.45	34.77	34.26	35.77	35.67	38.45	38.24	36.64	45.20	42.20	43.50	47.22	50.41	46.00	49.05	47.29	44.41	46.44	38.15	52.25	46.87	49.41	46.58
chr5	138965272	138973181	7909	REEP2	53.95	24.68	30.19	25.81	34.26	28.73	26.91	54.95	54.28	47.19	45.11	56.27	34.20	36.97	35.57	32.40	35.45	30.01	35.42	31.01	35.55	30.46	40.28	33.79	40.08	37.64	39.51	45.95	48.40	24.84	31.44	35.51	40.22	36.28	33.77	43.02	35.77	31.71	54.95	34.44	42.02	43.04	28.30	29.77	35.81	48.76	41.79	47.48	32.14	53.44	40.76	50.60	28.01	27.70	31.59	27.13	28.68	30.64	28.21	32.85	33.06	30.31	34.52	37.64	36.06	35.10	33.02	33.86	32.19	33.02	46.75	43.11	41.16	52.47
chr5	139472859	139724442	251583	SIL1	58.54	25.90	32.43	29.68	36.28	31.00	30.97	53.11	48.97	49.51	45.64	62.22	44.15	42.85	42.56	34.97	37.12	32.60	34.92	34.91	36.35	35.36	49.05	38.41	42.82	41.14	34.41	42.78	55.21	30.50	35.81	38.23	41.24	37.81	37.87	47.40	38.29	36.07	55.87	34.91	44.82	44.55	33.58	36.72	40.31	57.90	45.59	50.78	40.24	47.92	40.84	46.79	32.03	32.70	35.27	33.57	36.40	35.35	34.57	40.81	39.05	38.46	43.07	46.72	43.18	45.11	42.18	40.76	41.77	35.69	49.83	45.25	45.09	47.68
chr5	139800175	139857743	57568	MATR3	59.86	26.20	32.12	29.70	37.10	30.56	31.62	51.93	48.52	50.12	46.27	62.48	46.10	43.62	45.00	36.75	36.34	32.40	35.24	33.87	37.61	35.77	48.89	39.74	43.79	41.95	33.08	42.60	56.97	30.98	36.76	38.81	41.40	37.09	39.12	48.07	39.04	37.28	58.15	35.50	45.34	46.24	34.53	36.83	42.35	58.96	45.67	52.86	41.88	45.72	39.24	44.35	32.64	33.04	34.58	33.82	38.82	35.83	35.92	41.71	38.88	38.62	43.67	47.71	45.62	47.86	43.83	42.34	42.96	36.91	50.72	45.92	46.30	47.31
chr5	141170691	141173036	2345	NDUFA2	54.20	24.55	29.68	30.23	36.17	27.07	29.38	52.01	47.08	53.03	42.16	59.65	41.40	42.70	40.07	30.88	34.98	35.00	33.94	35.21	31.77	34.96	47.13	36.82	42.42	38.74	38.83	41.63	53.28	31.29	34.40	35.80	43.86	34.12	36.66	45.43	41.54	31.57	55.52	36.77	44.16	40.70	32.05	35.46	41.84	55.78	44.62	52.97	38.88	50.74	42.34	46.61	29.39	30.26	37.49	32.92	32.76	30.88	34.47	40.19	39.29	35.07	44.65	46.60	42.95	44.31	41.02	37.20	43.83	33.80	46.72	38.63	43.15	49.59
chr5	141199301	141216757	17456	HARS1	56.89	24.76	32.03	27.78	36.23	31.38	29.36	52.43	48.21	50.38	46.93	61.49	43.73	44.21	43.14	34.24	36.81	30.18	34.06	34.45	34.35	34.76	48.37	39.14	42.21	39.89	33.93	44.87	55.03	29.63	35.88	36.90	40.25	36.10	37.84	47.69	39.03	36.86	55.77	35.60	45.45	43.76	32.96	34.87	41.05	56.01	44.80	55.39	39.91	47.46	39.44	45.39	31.51	32.03	34.91	32.80	35.28	33.60	34.09	40.23	37.55	38.41	43.98	46.56	41.93	43.03	41.41	39.41	40.42	36.19	49.19	43.70	44.43	45.90
chr5	147116636	147617597	500961	PPP2R2B	60.05	27.95	31.99	30.62	37.14	31.78	32.76	53.02	48.82	49.48	47.22	63.55	46.68	42.34	44.31	36.31	38.43	32.80	34.87	34.95	37.53	37.17	51.44	39.72	43.88	41.96	33.85	42.35	58.15	31.93	37.93	39.83	40.87	38.17	39.28	49.96	39.14	36.89	56.78	35.56	46.33	45.43	35.56	37.73	42.70	60.22	46.62	37.45	42.66	46.30	40.07	45.07	33.72	33.74	36.72	34.62	37.96	36.76	37.05	43.37	41.12	40.66	45.58	48.19	45.29	47.08	45.29	42.93	43.91	37.33	51.75	47.01	47.13	46.53
chr5	148918479	148977363	58884	FBXO38	61.35	28.14	31.07	31.15	36.87	33.02	33.38	53.19	48.97	51.00	47.78	65.15	46.82	41.87	47.65	37.64	39.25	33.45	35.64	34.52	38.49	39.14	54.04	40.62	45.93	43.94	33.33	42.99	59.56	33.42	39.44	41.27	41.52	39.04	40.43	52.02	40.66	37.64	57.58	36.02	46.46	45.77	36.52	39.05	44.43	62.69	47.12	30.17	43.32	45.29	41.81	44.93	35.69	35.20	36.59	36.85	39.55	37.63	38.71	44.99	41.58	41.93	47.29	50.71	47.20	49.28	47.50	45.90	46.50	38.68	53.73	48.68	48.23	46.91
chr5	149516996	149597907	80911	SH3TC2	59.70	28.25	32.84	31.42	36.74	32.33	32.16	53.39	48.69	50.02	46.78	63.94	45.74	42.54	44.39	35.78	37.88	33.12	35.40	35.36	37.26	36.33	51.63	40.05	42.68	42.21	34.21	42.29	57.95	32.22	38.31	38.82	40.88	39.08	39.00	50.43	38.75	36.81	57.19	36.06	45.48	44.92	35.42	37.03	42.09	59.71	45.76	40.92	41.35	46.20	41.03	45.14	33.96	33.68	37.03	33.95	38.38	36.92	37.22	42.87	40.82	40.37	45.45	47.78	44.56	48.06	44.62	42.49	42.62	37.24	51.44	46.02	46.34	46.99
chr5	150589841	150649957	60116	CSF1R	56.74	26.20	33.21	28.93	35.24	31.52	29.93	53.06	50.08	50.80	46.15	61.59	41.83	42.89	40.14	33.69	36.70	29.53	34.10	33.99	36.08	33.93	46.31	37.55	40.30	39.05	34.27	43.48	52.80	29.37	33.15	36.78	40.74	37.25	37.01	46.17	37.60	34.70	54.78	34.29	43.98	42.11	32.09	33.79	38.62	54.60	44.32	51.09	38.61	48.65	40.40	47.97	30.21	31.26	34.43	32.80	34.17	32.88	33.13	38.64	36.96	36.68	41.14	43.58	42.17	42.14	39.21	37.65	39.02	35.18	47.86	44.70	43.43	46.99
chr5	150650430	150692448	42018	PDGFRB	56.91	26.21	33.23	29.66	34.67	28.89	29.92	54.44	52.25	51.36	46.23	61.71	38.47	43.13	36.77	32.75	34.84	29.64	31.84	33.69	35.85	35.04	45.24	37.26	40.89	39.50	36.51	45.05	51.13	27.44	32.00	36.55	41.12	38.70	36.49	46.87	36.96	34.76	53.12	35.10	44.07	44.14	29.72	31.75	36.66	51.56	44.26	51.71	34.90	52.03	40.97	51.53	28.99	29.69	33.20	30.92	33.02	32.47	30.94	36.13	34.91	33.93	37.13	43.58	38.41	37.76	36.91	35.21	36.46	35.03	46.69	42.88	43.21	49.07
chr5	150832881	150839444	6563	ARSI	55.13	26.73	34.26	29.67	37.45	29.26	31.65	53.70	51.42	53.02	46.18	61.12	39.36	39.87	41.71	35.22	35.90	30.70	33.88	35.79	35.94	33.93	46.65	36.69	44.49	42.22	35.56	44.34	50.64	30.00	33.05	39.26	42.41	38.06	36.35	51.10	38.97	34.26	55.72	32.50	45.09	46.37	32.83	30.04	37.78	55.16	44.56	51.72	34.10	52.61	43.49	52.19	33.05	30.77	30.71	31.01	33.80	31.95	31.86	40.47	36.34	36.84	37.68	42.68	39.98	39.01	37.93	34.87	37.98	35.15	47.94	42.47	43.33	50.17
chr5	152043069	152130323	87254	FAT2	58.39	27.19	33.04	30.60	36.73	31.35	32.05	53.53	49.31	50.11	46.48	61.66	42.45	43.30	41.77	35.37	36.73	32.14	35.12	35.27	35.92	36.13	49.82	38.27	42.61	41.16	34.68	43.67	54.10	29.82	36.04	37.79	42.26	37.69	37.71	47.16	38.62	36.37	56.87	35.97	45.41	45.02	33.50	35.91	39.77	57.92	45.34	51.22	39.09	49.37	40.65	48.07	31.47	31.72	35.03	33.19	37.12	35.14	35.40	39.69	38.77	37.59	43.29	45.11	43.03	44.22	42.17	39.75	41.48	35.97	50.23	45.83	45.07	47.45
chr5	152361496	152463867	102371	GLRA1	58.46	27.67	32.84	30.59	36.11	31.27	32.25	53.31	49.42	48.47	45.86	62.14	45.38	42.65	44.05	35.66	37.49	32.39	34.59	33.84	36.69	36.43	50.26	39.06	43.46	41.17	33.45	42.78	57.09	30.88	36.84	39.03	40.06	37.24	37.43	49.87	38.69	35.94	56.50	35.05	44.88	44.93	33.94	36.54	42.01	58.78	46.44	43.82	41.06	46.54	39.67	45.02	32.09	33.46	35.62	33.41	37.16	35.96	36.33	41.56	39.96	39.88	44.83	48.12	44.37	46.67	43.81	40.94	42.86	36.86	50.71	45.69	46.17	47.15
chr5	156845977	157286763	440786	SGCD	60.69	29.08	31.88	30.76	37.59	32.33	33.16	53.50	49.27	49.75	47.57	63.97	47.25	42.20	45.01	37.00	38.93	32.62	35.02	34.86	38.58	37.31	53.25	40.01	44.36	42.43	33.84	42.78	58.87	32.60	38.27	40.23	40.34	38.16	40.18	50.72	39.27	36.86	57.36	35.62	45.78	45.55	35.63	38.29	43.14	61.65	46.88	33.93	43.04	46.40	40.93	44.59	33.24	34.74	36.72	35.35	38.56	37.35	37.21	44.11	41.33	41.20	46.08	48.85	45.98	47.07	45.98	43.67	44.49	38.74	52.24	47.60	47.73	46.74
chr5	158250431	158260460	10029	THG1L	56.69	23.56	31.29	27.14	38.50	30.98	29.95	53.58	47.93	52.48	45.71	63.08	46.07	44.83	43.83	37.16	39.91	30.59	33.48	36.68	34.19	35.42	47.92	38.97	43.47	41.88	31.70	41.70	58.73	28.37	35.76	37.60	40.32	41.41	37.65	46.92	39.60	37.20	57.67	35.99	47.38	43.95	34.70	35.92	41.59	56.12	45.45	55.50	40.53	47.53	40.65	46.95	33.16	33.04	33.72	32.69	36.16	35.43	36.41	44.05	41.09	39.29	44.07	45.30	44.69	46.93	43.91	44.01	44.08	35.74	49.30	45.26	44.10	46.46
chr5	169021261	169054094	32833	RARS1	59.96	25.16	31.44	28.03	37.17	32.28	29.27	52.04	48.12	47.46	47.10	62.29	47.98	42.08	47.28	37.48	38.24	32.28	35.62	35.02	37.20	35.43	51.31	39.61	44.48	42.11	33.61	43.20	59.11	32.15	38.43	39.21	39.57	38.85	38.82	49.02	39.92	35.95	56.68	34.92	47.68	44.43	34.52	36.87	43.87	60.46	46.02	53.34	41.71	44.98	39.48	44.51	33.24	33.07	36.05	35.17	37.72	37.25	35.42	42.80	40.29	40.87	47.71	47.98	44.12	49.10	44.85	43.08	42.75	37.09	50.39	46.66	46.33	45.75
chr5	173374396	173492729	118333	ERGIC1	56.19	25.35	32.70	28.77	36.03	30.21	30.32	54.86	49.60	50.67	46.94	61.01	40.19	43.72	40.44	33.91	35.84	31.02	34.84	35.28	35.71	33.61	46.38	36.80	41.29	39.52	35.34	44.15	52.22	28.61	33.45	36.04	42.25	36.82	36.47	46.25	37.68	35.34	55.63	35.61	45.13	44.57	31.58	34.15	38.61	54.96	44.45	53.31	37.57	50.22	39.99	48.96	30.19	30.93	32.42	31.48	33.84	33.31	32.59	38.13	36.85	35.22	40.26	44.05	41.01	40.76	38.99	37.27	38.46	35.79	46.97	44.18	43.38	48.83
chr5	180361588	180393289	31701	SQSTM1	55.41	24.46	34.59	28.53	34.57	29.80	26.77	52.94	51.21	50.23	46.14	59.56	38.26	43.16	38.35	33.00	33.98	29.85	35.40	34.14	35.26	32.80	44.66	37.45	41.15	38.68	35.30	45.30	50.23	26.59	30.99	35.28	44.75	36.55	36.58	44.83	37.38	33.39	54.17	34.75	43.35	43.87	29.82	32.53	37.09	51.52	42.28	51.28	36.28	52.69	42.09	52.69	29.67	28.74	31.09	29.70	31.89	31.33	30.74	36.11	35.11	32.99	37.30	42.78	39.75	37.68	36.46	34.64	36.88	33.72	44.70	44.37	41.21	51.59
chr6	5130213	5640982	510769	FARS2	59.88	27.50	32.30	30.51	37.19	31.82	32.58	53.49	49.01	49.62	47.24	63.80	46.02	43.37	44.04	36.54	38.23	32.90	35.10	35.09	37.28	36.84	51.03	39.91	43.58	41.85	34.15	43.34	57.51	31.92	37.36	39.57	41.49	38.33	38.84	50.00	39.35	36.58	57.37	35.73	46.05	45.88	34.82	37.36	42.83	60.17	46.52	48.42	42.29	47.13	40.43	45.66	33.42	33.52	36.56	34.79	37.92	36.74	36.68	43.34	40.37	40.12	46.09	48.22	45.21	46.54	44.50	42.48	43.86	37.27	51.72	46.81	47.02	46.92
chr6	24520362	24537292	16930	TDP2	61.38	27.67	33.87	32.19	38.83	33.65	32.85	53.41	51.35	49.89	48.80	65.16	47.47	41.52	46.53	38.35	38.80	34.43	34.81	35.14	38.78	37.45	51.45	40.95	44.75	43.68	34.44	41.72	61.51	32.87	39.05	43.04	40.20	40.34	39.57	52.54	40.18	37.05	59.33	36.70	46.77	44.80	34.98	39.34	44.28	61.84	46.61	39.63	42.73	46.32	42.53	43.45	34.50	33.27	36.89	35.88	39.22	37.00	36.33	42.72	41.13	41.62	47.23	48.42	47.47	51.23	46.54	45.41	43.49	37.96	54.10	48.14	46.72	47.14
chr6	30778903	30791138	12235	VARS2	57.79	26.70	34.40	29.74	34.72	30.50	29.27	54.59	51.88	52.95	47.77	61.67	38.28	43.08	38.00	32.39	35.76	29.86	34.71	34.45	35.09	36.92	47.39	36.94	44.11	40.10	35.58	47.52	50.41	26.97	33.50	37.66	40.70	38.23	38.14	47.71	39.12	36.18	56.29	35.10	44.11	45.20	30.92	32.97	37.60	51.38	45.05	52.58	35.28	53.70	41.36	53.12	29.52	31.23	31.61	31.10	33.34	31.08	31.92	37.95	35.62	33.21	38.20	41.57	41.00	38.08	35.80	36.75	37.16	34.97	47.44	45.29	40.71	52.06
chr6	31539988	31556359	16371	ABHD16A	55.02	23.88	32.85	27.56	36.85	29.22	27.18	53.83	48.96	51.09	45.66	58.25	38.70	43.39	39.72	32.33	35.24	31.34	34.56	33.75	34.61	33.13	45.82	36.53	39.14	39.11	34.55	44.51	52.72	28.21	32.48	35.27	41.36	36.57	35.84	43.88	37.15	36.17	54.47	36.00	45.72	44.50	29.72	32.06	36.23	53.88	43.60	52.23	37.00	48.60	41.37	46.73	29.48	28.88	31.76	30.38	32.36	31.52	32.80	36.44	35.45	33.78	37.95	42.06	39.95	38.92	38.42	37.16	39.27	35.14	46.18	43.26	42.81	50.40
chr6	31894356	31962530	68174	TNXB	56.49	24.92	34.22	27.80	34.79	28.97	28.06	53.54	50.01	50.91	45.34	59.66	38.49	41.57	38.52	31.88	34.39	29.32	32.39	33.23	34.60	33.06	44.77	36.13	40.05	39.19	34.78	43.81	50.23	27.16	31.34	34.62	42.03	37.44	35.51	46.18	36.72	33.60	54.94	33.63	43.72	42.36	29.27	32.33	37.08	51.14	43.42	51.09	35.13	52.14	42.14	51.85	28.95	28.99	32.44	30.45	31.25	31.80	30.93	36.61	35.61	33.32	37.60	42.50	39.51	37.79	36.16	34.65	36.51	34.46	46.37	44.07	41.44	48.39
chr6	33442506	33517747	75241	ITPR3	54.38	25.08	34.84	28.52	34.57	28.92	29.03	53.56	50.45	49.82	44.75	59.71	36.98	41.26	37.95	31.51	34.12	29.48	32.57	33.74	35.16	33.01	44.30	36.10	40.27	37.73	35.31	45.95	51.00	26.34	31.32	34.69	41.94	36.99	35.71	45.81	36.77	33.10	53.95	33.93	43.69	43.28	30.03	31.62	36.99	52.07	43.61	50.97	33.54	52.13	40.57	51.43	29.33	29.05	32.72	30.37	31.20	31.87	31.32	35.79	34.85	32.28	37.57	42.53	39.64	36.75	35.72	34.43	36.25	33.43	45.80	43.20	41.38	49.82
chr6	42888701	42903839	15138	KLC4	55.72	23.31	33.32	28.55	35.45	29.05	27.85	56.43	50.42	50.04	46.67	59.35	41.56	44.31	39.69	33.80	36.44	32.47	35.84	36.34	35.31	34.33	44.79	37.07	40.08	41.06	34.74	44.93	51.02	28.76	33.17	35.93	41.64	37.17	35.07	45.78	38.94	36.01	54.99	36.65	45.49	45.05	32.19	33.76	38.21	54.71	43.11	56.83	37.02	48.75	41.33	50.13	28.67	30.99	33.66	32.73	32.58	32.95	32.47	37.96	34.42	34.59	42.79	43.29	40.85	40.50	37.70	37.06	37.10	37.24	46.68	44.42	41.93	50.03
chr6	43345827	43391139	45312	POLR1C	57.27	25.99	32.71	29.66	36.37	31.18	29.58	52.83	48.36	49.54	46.18	62.57	45.10	44.47	42.89	35.65	37.37	32.14	35.17	35.71	35.38	35.44	48.61	38.82	42.98	41.59	34.46	44.63	55.94	31.14	36.62	37.75	40.56	36.75	38.85	46.91	39.13	37.56	57.59	36.63	45.99	45.77	33.21	37.37	41.27	58.52	45.95	54.38	40.23	48.15	40.79	48.46	32.31	31.74	35.44	33.67	37.65	35.35	34.73	41.10	38.53	39.36	44.79	47.08	43.44	46.21	42.57	41.79	42.98	37.47	50.33	45.95	46.28	47.04
chr6	44051102	44052410	1308	MYMX	55.89	24.85	31.95	34.64	33.34	24.96	32.51	48.19	53.27	48.05	45.96	54.77	37.76	40.36	40.13	33.70	34.67	28.36	25.83	30.80	31.86	32.43	40.90	34.67	37.09	33.89	35.63	42.24	41.98	31.32	28.23	34.04	39.81	36.44	37.59	44.95	36.61	35.64	50.54	31.22	39.06	41.24	32.45	31.42	35.21	48.00	43.60	50.91	38.48	45.28	46.14	48.57	26.89	30.08	33.22	35.76	28.26	31.71	30.01	35.57	34.60	34.25	37.37	37.69	37.17	34.84	30.91	35.07	32.89	30.75	45.98	44.59	39.16	44.42
chr6	44088248	44092041	3793	SLC35B2	55.73	25.98	37.23	28.90	33.09	29.25	31.00	48.65	48.46	45.75	48.26	63.78	40.09	39.94	35.74	33.53	35.73	29.39	31.30	35.84	36.66	32.68	44.42	35.61	40.01	42.06	37.14	45.80	48.62	26.73	28.14	36.66	43.84	39.68	38.04	50.35	37.16	33.79	54.56	32.25	41.91	44.49	30.39	33.69	37.79	53.33	41.87	45.33	34.12	54.61	46.33	54.48	28.59	32.71	31.50	29.22	31.97	29.85	27.40	35.78	34.39	33.58	36.66	40.58	39.18	35.33	36.06	34.07	35.32	33.19	45.22	40.06	45.28	51.76
chr6	44132874	44147515	14641	AARS2	57.06	25.88	34.86	29.12	34.12	30.30	31.18	55.92	54.83	49.86	45.59	59.96	36.69	40.30	36.80	32.99	36.04	29.26	32.61	31.39	35.40	33.42	45.41	34.46	42.07	38.70	35.64	46.01	52.35	25.94	33.25	36.89	43.15	38.39	36.42	45.19	37.21	33.01	51.51	34.62	41.52	42.92	30.72	32.79	38.55	49.45	43.79	51.71	33.67	50.65	38.58	51.11	30.66	32.27	32.73	30.77	31.70	31.51	30.91	35.08	36.98	33.47	39.08	41.87	37.62	36.55	37.31	35.89	37.21	33.38	48.23	41.82	43.44	50.34
chr6	53107161	53188820	81659	ELOVL5	59.19	27.54	31.71	30.89	36.36	31.00	32.56	53.79	49.23	49.86	46.02	61.93	44.86	41.70	43.61	36.38	36.95	31.62	35.00	34.30	35.91	35.91	50.14	38.78	43.02	40.63	33.05	43.01	55.89	30.98	36.23	38.73	41.39	37.38	38.22	48.13	38.65	36.12	56.58	35.00	44.81	44.68	34.82	36.33	42.19	58.30	45.61	46.87	40.75	46.86	38.23	45.41	32.77	31.80	33.94	33.63	37.40	35.74	35.65	42.72	40.11	38.59	43.65	46.92	43.41	46.37	43.37	40.86	43.09	36.22	50.77	46.32	47.00	45.91
chr6	53858906	54106381	247475	MLIP	61.59	28.85	31.52	31.49	38.33	32.24	33.07	52.97	49.12	48.91	46.37	62.45	47.96	40.44	45.59	37.03	39.13	32.21	34.27	33.28	37.63	37.18	51.17	40.36	44.48	42.30	33.15	41.91	58.67	32.83	37.79	40.51	39.35	38.22	40.25	50.97	38.55	36.92	55.41	35.58	44.79	45.23	35.58	38.00	44.12	61.07	46.43	26.57	43.59	43.66	40.18	41.99	33.74	35.43	36.58	35.26	37.87	36.91	36.92	44.13	41.11	41.07	46.04	49.38	46.58	49.41	45.40	44.82	44.33	37.84	51.56	47.43	47.99	45.31
chr6	56299278	56793877	494599	DST	60.79	28.03	32.00	30.69	37.13	32.32	33.24	53.10	48.53	49.65	47.92	63.99	47.62	42.21	45.40	37.03	38.90	32.79	34.91	34.36	38.09	37.70	51.84	40.16	44.69	42.78	33.54	42.66	59.06	32.37	38.10	40.14	40.55	38.35	40.15	50.97	39.44	37.16	56.65	35.76	46.11	45.19	35.72	38.12	43.85	61.84	46.91	40.59	43.58	45.07	39.92	43.60	34.17	34.03	36.92	35.20	38.50	37.23	37.38	43.80	41.44	41.74	47.11	49.03	46.29	49.08	46.14	44.07	45.06	37.47	52.39	47.46	47.52	46.61
chr6	74770745	74832087	61342	SLC17A5	57.54	24.79	31.46	27.84	35.89	32.08	28.59	51.82	47.58	48.84	45.23	61.16	44.52	41.93	44.20	34.71	36.77	31.57	35.04	34.35	35.81	33.84	47.58	39.22	42.84	40.67	33.62	43.44	54.66	30.20	35.71	38.18	40.63	36.19	37.57	46.13	38.20	36.05	55.59	34.40	44.39	44.63	32.67	35.66	40.94	57.11	44.79	55.15	41.07	45.70	40.35	44.13	32.32	31.89	32.80	33.04	36.38	34.47	35.01	40.57	37.43	38.63	44.16	44.94	44.23	44.53	43.27	40.35	40.62	36.34	50.51	45.23	45.19	46.25
chr6	76261501	76383203	121702	COL12A1	62.48	28.84	32.31	31.52	37.82	32.65	33.76	53.95	49.13	50.46	47.82	64.54	47.87	41.87	46.14	37.52	39.57	32.10	34.92	34.53	38.31	37.97	53.24	41.29	44.62	43.10	33.70	43.09	60.51	32.42	39.25	41.37	40.51	38.80	41.20	51.95	40.10	37.63	57.60	35.56	46.03	45.92	35.60	38.68	44.72	63.40	47.25	34.84	44.19	44.55	40.72	42.92	34.59	34.52	37.42	35.79	39.07	36.96	37.85	45.12	42.03	41.91	47.84	50.05	47.26	50.38	47.22	45.25	45.71	38.28	53.72	47.79	48.76	46.59
chr6	76468680	76670584	201904	FILIP1	60.85	27.95	32.00	31.15	36.98	32.60	32.68	53.02	48.50	49.60	47.79	63.67	47.48	42.03	45.61	36.97	39.29	32.50	35.14	34.21	38.07	37.56	52.50	40.20	44.54	42.94	33.56	42.45	59.63	32.59	37.89	40.21	41.06	38.29	40.36	50.62	39.80	37.27	57.79	35.15	45.60	45.91	35.97	38.24	44.09	61.79	47.10	36.74	43.50	45.19	41.29	43.60	34.08	33.95	36.01	35.23	38.94	37.31	37.34	44.07	41.72	41.13	46.71	49.19	46.51	49.75	46.37	43.79	45.46	37.24	51.92	47.80	47.75	46.67
chr6	81123208	81155949	32741	ELOVL4	61.57	28.83	32.70	31.44	38.12	32.86	34.34	52.37	48.31	49.82	47.65	64.82	47.73	40.87	45.67	37.96	38.44	33.15	34.27	33.64	37.84	37.55	52.93	41.50	44.30	44.05	32.93	42.33	60.00	32.81	38.25	41.24	40.18	38.68	41.08	51.33	40.30	37.81	55.36	35.66	46.47	45.60	35.82	39.39	44.95	62.28	47.10	38.89	44.13	44.51	41.16	41.42	34.84	32.94	36.72	35.21	37.57	37.36	37.64	45.49	40.63	41.32	47.35	50.24	48.53	49.94	47.16	44.10	47.02	36.58	52.78	48.62	47.40	46.49
chr6	86722299	86810666	88367	SNX14	60.76	27.42	31.59	29.70	37.60	32.42	31.43	53.59	48.50	50.37	47.47	64.29	48.24	42.68	46.37	37.72	39.12	32.54	35.04	34.68	37.78	37.66	52.67	40.62	45.08	43.13	33.67	43.03	59.90	32.79	38.05	40.65	40.58	38.61	40.28	50.10	40.67	38.03	58.05	35.62	45.52	46.26	36.03	38.23	43.71	62.87	46.61	50.71	43.63	44.18	41.57	43.45	33.30	34.66	36.09	35.12	38.60	36.32	37.27	44.04	41.58	41.85	47.08	50.16	47.31	50.30	46.07	44.62	46.18	38.32	52.55	47.59	47.29	46.30
chr6	100042903	100122314	79411	FBXL4	61.44	28.51	32.00	30.68	38.22	33.25	32.69	54.12	48.66	49.06	48.96	66.16	49.26	43.54	47.29	38.21	40.12	33.40	35.88	34.14	38.28	38.54	52.49	40.71	45.56	44.07	34.36	42.77	61.65	33.43	38.88	41.49	40.27	38.63	40.36	52.85	39.96	37.88	57.91	35.80	45.80	45.26	36.57	39.91	45.70	63.89	47.02	37.64	44.90	44.09	41.48	43.49	34.97	35.32	37.30	36.12	39.32	38.12	38.20	45.04	41.90	42.73	49.06	49.99	47.14	49.39	46.76	45.33	46.03	39.68	53.78	48.44	49.03	46.83
chr6	101681936	102055217	373281	ASCC3	62.50	28.72	31.52	31.06	37.64	33.79	33.86	53.60	48.29	49.99	48.04	64.60	49.04	41.17	47.30	37.56	39.52	32.86	34.96	34.02	38.87	38.71	53.60	41.81	45.74	43.67	33.43	42.27	61.09	33.14	38.83	41.62	40.40	38.65	41.68	52.66	39.76	37.89	56.80	35.37	46.13	45.28	36.49	38.95	45.68	63.77	47.62	29.45	45.47	43.30	41.38	41.35	35.07	35.23	37.21	36.67	39.35	37.75	38.17	45.41	42.60	42.28	47.52	50.53	48.31	51.00	48.19	46.36	47.10	38.39	53.79	48.60	49.21	46.11
chr6	105904366	106035941	131575	HACE1	60.92	26.53	30.83	29.19	37.05	32.67	31.53	52.87	47.35	49.23	47.97	65.27	48.58	42.61	46.47	37.15	38.07	32.78	34.94	33.79	37.00	36.21	50.95	40.54	44.66	43.25	33.45	42.33	58.24	32.53	37.52	40.41	39.47	38.93	40.13	49.97	39.46	36.45	57.27	35.30	45.95	44.95	35.91	37.94	43.74	62.06	46.45	44.32	42.71	44.72	40.65	43.18	33.67	34.13	36.38	35.72	38.38	36.47	37.27	44.18	41.04	41.57	46.72	49.53	46.39	48.71	46.83	43.62	44.86	38.20	51.57	46.65	47.26	45.81
chr6	106272905	106312920	40015	POPDC1	59.47	27.91	32.81	30.67	37.23	32.33	32.16	52.46	48.77	50.32	47.43	63.21	45.76	42.15	44.01	36.51	37.81	33.19	36.56	35.29	38.54	36.81	51.89	40.87	44.55	42.26	33.58	43.38	58.76	32.23	37.22	38.32	40.94	38.46	40.05	49.58	39.46	37.35	55.67	36.01	46.35	46.65	35.98	37.23	43.44	60.68	47.20	53.03	42.84	45.90	39.01	45.33	33.47	33.64	36.03	34.39	38.36	36.63	36.43	43.24	40.71	41.09	46.78	48.17	45.14	48.33	46.36	43.73	45.54	36.80	50.97	46.85	47.11	47.58
chr6	106333652	106355749	22097	POPDC3	59.18	28.27	34.78	30.91	37.31	31.03	30.99	54.65	47.85	48.31	48.76	63.88	46.27	43.01	45.45	36.06	38.54	33.31	35.77	34.89	36.84	37.84	50.12	41.52	42.35	43.24	32.86	40.78	58.73	30.13	37.82	39.71	41.79	39.25	38.83	50.16	38.52	37.23	55.50	35.34	45.61	44.23	34.18	38.78	42.53	62.25	47.10	49.46	44.22	45.79	39.49	45.18	34.41	33.30	37.37	35.73	39.08	37.62	36.54	44.12	41.10	40.70	45.01	47.83	45.41	47.44	45.05	42.99	43.76	38.80	52.87	45.52	47.56	46.29
chr6	107360314	107501922	141608	ATG5	61.99	28.16	32.28	31.54	37.83	33.16	33.68	53.39	48.93	49.49	48.33	64.64	48.76	41.95	47.00	37.27	39.42	33.43	35.30	34.98	38.12	38.11	53.18	41.09	45.28	43.59	33.84	42.60	60.28	32.91	38.10	40.87	41.14	38.40	40.19	51.75	39.90	37.16	57.45	35.89	45.88	45.71	36.36	38.37	44.82	62.53	47.47	40.83	44.63	44.71	40.63	42.99	35.05	34.03	36.69	35.30	38.83	37.81	38.49	45.13	42.46	41.83	47.19	50.29	46.92	50.88	46.73	44.91	46.41	38.42	53.70	48.13	48.71	46.07
chr6	107746917	107806978	60061	RTN4IP1	57.83	25.51	31.84	28.79	36.50	31.71	30.36	52.39	47.78	48.51	44.67	60.92	45.00	42.33	44.26	35.28	37.23	32.42	34.46	33.45	35.59	34.80	49.52	38.72	42.00	40.15	32.37	42.77	55.51	31.01	35.96	38.03	40.27	36.42	38.26	47.61	39.37	36.08	56.58	35.68	45.50	45.38	32.76	36.57	41.71	58.26	44.12	47.63	40.73	45.30	39.09	45.16	32.29	32.42	34.74	34.12	36.86	35.45	35.81	40.94	38.27	39.43	44.92	47.67	45.00	46.16	44.02	42.00	41.84	36.11	50.21	45.16	45.71	45.71
chr6	110869349	111003788	134439	FIG4	60.82	27.89	31.56	31.22	37.06	32.45	32.71	53.34	48.32	49.86	47.95	65.09	47.17	42.13	45.05	36.56	38.83	33.02	34.49	34.32	38.19	36.89	51.70	40.05	45.11	43.10	33.90	43.11	58.68	32.41	38.06	39.84	41.03	38.65	40.31	50.25	39.66	36.60	57.03	35.29	45.88	45.72	35.72	38.13	43.47	60.82	46.92	38.44	42.79	45.21	40.82	44.48	34.29	33.90	36.16	34.97	38.88	36.56	38.23	43.55	40.86	40.86	46.77	49.33	45.99	47.94	46.42	43.26	44.49	37.64	52.15	47.24	48.21	46.21
chr6	130076330	130710229	633899	LAMA2	61.54	28.76	31.65	31.37	38.06	32.81	33.86	53.39	48.52	49.24	47.87	64.46	48.56	41.68	46.25	37.61	39.23	32.58	34.91	34.19	38.46	37.84	53.37	41.07	44.90	43.33	33.56	42.36	60.26	32.79	38.51	41.11	40.28	38.35	40.73	51.71	39.82	37.31	57.00	35.39	45.81	45.07	36.20	38.59	44.80	62.82	46.85	32.71	44.70	43.89	40.62	42.33	34.47	34.74	37.26	35.77	39.19	37.23	37.99	44.78	42.34	42.09	46.78	50.35	47.24	49.84	46.99	45.06	45.62	38.38	53.07	48.17	48.46	46.57
chr6	132767702	132778804	11102	ARG1	63.04	27.51	31.93	30.63	38.74	33.25	33.30	53.31	48.00	51.02	45.31	64.90	48.77	42.54	46.13	38.54	42.21	34.96	35.34	35.74	39.84	38.75	53.77	39.10	43.48	43.86	34.74	42.70	59.10	31.99	38.14	41.42	40.29	38.56	40.17	52.70	38.58	37.65	58.23	35.17	47.01	47.32	36.54	37.89	44.47	62.65	49.36	31.65	43.32	46.83	39.81	41.57	36.04	35.12	37.51	37.02	39.28	39.18	38.09	43.37	40.73	43.23	47.37	52.80	46.65	49.55	46.89	44.40	44.87	36.70	53.55	47.79	48.41	47.66
chr6	140092037	140176789	84752	REPS1	61.67	27.43	32.01	30.18	37.13	33.34	32.74	52.34	48.65	49.32	47.78	64.91	47.35	41.84	46.33	37.07	38.77	32.47	34.58	34.48	37.90	38.93	52.48	41.41	45.17	42.69	33.92	42.14	59.91	32.72	38.01	40.52	42.23	37.97	40.56	50.87	38.92	37.61	56.32	35.19	46.52	45.14	36.09	39.18	45.07	62.70	47.52	42.44	44.13	45.17	40.16	44.00	34.27	34.04	36.66	35.65	38.37	37.03	37.45	44.19	42.12	40.83	46.37	50.19	47.11	48.82	47.45	44.33	46.04	37.94	52.73	48.68	47.02	46.57
chr6	143494207	143638629	144422	ADGRG6	62.24	28.63	31.74	31.03	38.22	33.48	33.84	53.63	49.03	49.95	48.72	64.24	49.34	41.57	46.10	36.81	39.76	32.63	34.26	34.70	38.63	38.41	53.34	41.85	44.70	43.16	34.10	43.21	60.67	33.10	39.02	41.50	41.09	38.82	41.51	52.12	39.63	37.48	57.60	35.61	45.60	45.34	36.80	39.19	45.09	62.93	47.94	30.80	44.22	43.34	40.50	41.83	34.99	35.09	37.30	36.03	39.75	36.96	38.17	45.58	42.39	42.22	46.92	49.59	47.44	50.62	47.09	45.08	46.33	38.12	53.16	48.41	48.81	46.13
chr6	147220784	147630683	409899	GRM1	61.47	29.15	31.89	32.01	37.73	32.67	33.72	53.35	48.82	50.10	47.32	64.20	48.00	41.59	45.85	37.38	39.18	32.61	34.93	34.57	37.99	37.96	52.83	40.56	44.79	42.88	33.69	42.80	60.03	32.95	38.69	40.84	39.64	38.56	40.50	51.59	39.44	36.75	56.97	35.33	45.71	45.04	36.09	38.66	44.31	62.53	46.96	30.07	43.98	44.93	40.68	43.20	34.25	34.63	37.05	35.67	38.78	37.06	37.89	44.24	42.15	42.08	47.05	49.67	46.96	48.91	46.78	44.73	45.29	37.91	52.83	48.09	48.41	46.73
chr6	152605350	152652768	47418	RMND1	57.82	25.33	31.12	27.54	35.27	30.81	29.57	52.34	47.72	47.86	45.63	60.95	45.10	43.17	43.94	34.79	35.87	31.93	33.73	34.17	37.19	35.41	49.04	38.40	43.47	40.23	32.76	42.67	55.91	31.33	35.02	37.99	40.40	36.58	38.27	46.07	37.82	34.97	55.59	33.75	44.35	44.77	33.25	34.78	41.58	58.47	45.42	52.64	39.81	45.23	40.22	44.22	31.53	32.53	34.29	33.28	36.77	34.97	34.07	40.92	39.04	38.90	43.81	46.19	43.13	45.69	42.65	40.78	42.14	36.68	49.55	46.33	44.92	47.05
chr6	153322983	153838674	515691	SYNE1	60.25	27.43	31.78	30.52	37.70	32.43	32.20	53.54	48.22	49.89	47.29	64.00	47.55	42.50	46.02	37.28	38.88	32.73	34.92	34.76	37.77	37.34	52.24	40.51	44.40	42.07	33.89	42.72	59.12	32.63	38.00	40.38	40.48	38.29	40.02	50.39	39.66	36.88	57.47	35.57	45.94	45.86	35.29	37.86	43.78	61.04	46.31	44.42	43.38	44.88	41.04	43.52	33.71	34.34	36.74	35.18	38.81	37.62	37.62	43.71	41.21	41.75	46.86	49.14	45.96	48.24	45.66	43.64	44.86	37.99	52.16	47.41	47.33	46.69
chr6	162705910	164090895	1384985	PRKN	59.92	27.23	31.74	29.88	37.33	32.01	31.71	53.21	48.61	49.80	46.79	63.59	46.77	43.33	44.70	36.46	38.50	32.73	35.11	35.00	37.36	37.10	51.16	39.93	44.13	42.11	33.79	42.90	57.94	31.74	37.27	39.73	40.58	38.14	39.12	49.69	39.22	36.62	57.26	35.55	45.77	45.36	35.01	37.31	42.57	60.29	46.45	48.94	42.46	45.81	40.69	44.03	32.76	33.62	36.60	34.65	38.15	36.71	36.59	42.85	40.59	40.96	46.05	48.25	45.23	46.82	44.78	42.82	43.79	37.41	51.63	46.92	46.98	46.36
chr6	166693361	167029871	336510	PDE10A	61.54	28.39	32.38	31.00	37.59	32.58	32.73	53.25	48.23	50.18	47.59	64.72	47.37	42.42	45.79	37.15	39.09	32.56	34.97	34.82	37.91	37.76	52.32	40.80	44.54	42.42	33.87	43.24	58.60	32.35	38.10	40.71	40.50	38.83	40.10	51.02	39.41	36.82	57.18	36.05	45.96	45.39	35.43	38.71	43.90	61.63	46.72	41.72	43.15	45.21	40.90	44.05	34.05	34.83	37.16	35.11	38.80	37.58	37.25	44.21	41.38	41.13	46.90	49.53	46.41	48.61	46.19	44.18	45.30	37.74	53.29	47.54	47.78	46.66
chr6	168304857	168339306	34449	RNASET2	56.30	23.72	31.83	27.57	36.47	31.40	28.82	53.48	49.39	49.68	46.31	61.68	42.81	43.55	41.35	34.49	37.28	32.44	35.17	35.06	35.95	35.04	47.59	38.72	42.51	40.81	34.73	45.14	53.94	30.01	35.26	38.20	42.47	38.79	36.75	46.82	38.94	35.63	56.49	36.10	45.01	44.54	32.17	35.32	40.06	55.94	44.82	52.95	38.08	48.88	40.24	47.46	32.05	31.20	34.55	32.17	35.14	34.16	34.77	39.84	38.04	37.13	42.76	44.62	42.50	41.57	40.42	38.75	39.92	35.85	49.07	45.78	45.75	48.98
chr6	171927919	171946405	18486	TBP	62.57	26.93	33.78	29.69	38.66	33.49	30.87	53.42	48.88	49.62	47.73	64.48	48.08	44.27	47.46	37.74	39.02	32.47	36.86	36.85	37.78	36.99	52.41	38.62	43.86	45.49	34.40	42.07	59.67	32.79	39.42	40.01	41.13	39.55	40.56	50.49	40.60	38.44	56.21	36.39	46.99	47.54	36.35	39.64	44.60	61.58	48.39	51.98	44.13	45.71	41.64	44.54	34.02	33.86	36.40	34.30	38.93	37.42	35.99	44.31	41.56	41.79	48.86	49.87	47.48	48.42	45.94	44.93	45.08	38.69	53.32	48.17	48.41	45.80
chr7	2651325	2669118	17793	BRAT1	54.29	21.37	34.08	25.54	33.76	29.12	24.51	51.91	48.66	50.92	44.95	59.52	37.66	40.35	39.25	32.16	35.17	29.07	33.96	34.03	35.79	32.91	44.26	36.45	40.90	40.05	33.46	45.18	50.68	28.33	32.13	36.13	43.90	36.52	36.78	44.96	36.13	33.01	51.83	33.99	42.57	42.72	27.75	31.51	38.25	52.32	42.87	50.56	34.87	50.14	42.57	49.54	27.93	27.74	33.73	30.76	30.66	30.50	29.68	34.19	34.28	33.04	38.29	42.17	38.83	35.64	36.11	35.23	35.87	32.60	47.07	44.18	41.14	49.12
chr7	4892836	4911604	18768	AP5Z1	56.28	24.99	34.69	29.46	35.24	31.13	28.16	55.64	54.69	51.38	46.82	61.64	36.25	41.78	37.44	33.31	35.08	30.41	34.47	34.34	35.29	34.38	44.89	37.09	40.68	41.31	37.99	47.31	51.06	26.10	29.81	34.72	46.26	37.52	38.73	46.83	37.59	32.53	55.11	35.64	42.99	43.68	30.42	30.95	37.35	50.04	42.52	50.36	33.16	54.63	44.56	53.82	29.03	29.26	34.21	30.34	28.91	30.22	29.49	36.19	36.29	32.20	37.05	42.29	39.49	35.83	35.21	34.42	34.87	35.88	44.41	43.05	42.90	53.63
chr7	5644670	5648124	3454	ACTB	59.22	25.75	38.19	33.00	35.24	27.00	28.43	56.98	60.37	59.36	47.02	61.60	38.09	42.05	36.27	35.04	35.71	33.73	38.13	38.35	41.35	37.95	57.14	36.01	41.37	37.28	42.06	46.65	53.79	25.19	29.14	36.14	54.43	36.90	38.60	51.89	40.18	31.80	56.09	36.67	43.40	44.04	29.53	29.89	38.73	55.78	45.83	50.17	36.78	62.39	46.29	59.28	29.67	28.32	35.12	31.95	32.50	28.99	29.21	38.22	35.63	31.13	35.84	41.83	36.79	38.56	37.59	32.17	37.37	33.44	45.72	43.43	38.89	57.42
chr7	5737578	5899098	161520	RNF216	57.06	24.72	31.99	27.98	35.93	30.39	29.04	52.48	47.95	49.17	45.04	61.40	43.90	43.39	42.73	35.33	36.94	31.98	35.00	34.43	36.16	34.36	47.67	38.24	42.45	40.23	34.23	43.29	54.50	30.28	35.41	37.72	41.81	37.29	37.28	45.60	37.63	35.93	56.36	35.15	45.54	45.01	33.31	35.52	40.27	56.54	44.27	53.05	39.98	48.33	40.37	47.36	31.80	30.98	34.24	32.83	36.63	34.51	34.16	40.25	38.54	37.98	42.48	45.70	42.66	44.59	42.03	39.11	40.94	36.10	49.39	45.73	44.92	47.61
chr7	6127036	6141607	14571	AIMP2	53.10	21.76	30.50	25.79	34.61	28.59	27.21	48.80	48.41	47.92	43.20	57.75	41.82	43.49	41.86	33.51	34.06	30.67	33.98	32.53	35.95	30.97	45.48	36.49	40.22	39.89	33.03	40.91	50.73	26.72	33.24	37.03	39.79	34.83	35.18	43.45	37.49	35.45	54.84	33.13	46.28	42.90	31.68	34.27	37.74	52.44	41.57	51.94	36.78	44.06	39.17	43.62	28.58	30.20	32.49	29.03	33.94	30.67	31.67	37.71	37.45	37.50	38.41	44.55	40.46	41.51	38.27	38.24	38.30	34.46	47.09	42.68	44.17	47.60
chr7	6140019	6176976	36957	EIF2AK1	56.28	24.29	31.38	26.53	35.88	30.36	27.41	52.02	46.83	47.76	44.26	59.67	43.11	42.79	43.69	33.83	36.03	31.07	34.87	35.15	35.37	33.75	47.15	37.91	42.39	40.60	33.61	41.86	54.23	29.99	35.18	36.28	40.56	36.50	36.67	44.41	38.36	35.30	55.00	34.67	44.97	43.57	32.88	34.99	39.51	55.97	43.03	56.75	40.22	44.99	40.02	44.43	30.74	31.40	33.52	31.50	33.98	33.66	33.33	38.03	37.72	37.46	42.71	45.03	43.61	43.46	41.45	40.12	40.03	35.40	49.09	44.56	44.51	46.13
chr7	11062534	11070743	8209	COXFA4	59.82	26.80	32.71	31.16	36.60	31.98	34.35	54.01	48.44	51.79	46.92	66.70	49.41	40.11	44.96	37.45	39.69	31.14	33.58	33.46	38.59	38.93	51.71	42.05	43.93	42.67	31.66	42.89	60.58	29.62	36.12	39.48	39.21	36.33	38.51	53.86	39.80	36.60	55.76	35.20	45.15	42.70	37.11	36.01	45.02	61.22	46.54	47.03	44.71	44.96	41.15	43.21	33.80	36.37	37.22	35.11	39.61	35.07	39.39	45.36	41.22	41.16	45.95	51.46	47.71	47.51	46.93	43.31	44.82	33.96	52.55	48.42	46.68	48.11
chr7	12342180	12373955	31775	TMEM106B	65.15	28.42	30.91	30.96	38.23	32.94	33.17	54.94	49.87	51.29	48.14	65.10	49.39	41.91	47.54	37.50	40.24	31.95	34.41	34.26	39.09	39.04	54.06	42.80	45.57	43.43	33.51	42.49	61.09	34.04	39.39	41.98	42.06	38.34	40.98	52.41	40.42	37.61	55.90	36.45	45.48	45.87	37.14	39.37	46.51	65.89	49.89	25.06	45.00	43.12	41.48	42.02	36.03	34.83	35.68	36.86	39.11	39.42	39.19	45.63	42.94	42.74	48.27	51.31	48.67	51.54	48.48	46.16	46.34	38.12	52.31	48.29	48.58	47.78
chr7	16220756	16551280	330524	CRPPA	61.59	28.68	32.09	31.37	37.84	33.06	33.57	53.18	48.87	49.92	47.85	63.68	48.41	41.63	46.66	37.64	39.48	33.20	35.13	34.23	38.10	37.83	53.08	41.01	45.05	43.35	33.44	42.83	59.64	33.16	38.95	41.35	42.17	38.63	40.68	51.86	39.78	37.05	57.30	35.39	46.06	45.90	36.20	38.76	44.58	62.71	47.30	32.25	44.50	44.62	41.51	43.56	34.26	34.98	37.42	35.92	38.55	37.49	38.41	44.98	42.25	42.04	47.30	50.23	47.31	49.47	47.02	45.25	45.86	38.15	53.40	47.69	48.10	46.41
chr7	23070811	23150674	79863	HYCC1	61.30	28.77	31.60	31.88	37.34	32.96	34.64	53.35	48.94	49.94	46.85	63.03	48.96	39.94	46.26	37.04	39.44	32.11	34.81	33.21	38.69	38.22	53.69	40.94	45.01	43.70	33.59	43.02	60.85	33.08	38.26	41.27	41.46	37.29	40.27	50.13	39.43	36.38	56.70	34.82	45.00	44.79	35.52	37.97	44.45	62.95	46.76	29.75	44.75	43.29	40.54	42.24	35.22	35.04	37.50	35.67	39.66	37.59	38.96	45.00	42.13	42.05	46.08	49.75	47.02	49.84	46.41	45.52	44.77	37.66	53.21	47.87	48.40	45.81
chr7	26325604	26336424	10820	HNRNPA2B1	61.54	27.85	33.47	31.36	38.35	32.94	32.85	51.14	50.40	51.87	43.85	63.78	47.32	40.51	43.87	38.13	40.65	32.65	33.96	33.09	37.73	36.88	50.54	39.00	42.73	43.50	35.04	43.68	57.66	32.17	38.17	40.21	42.53	40.93	41.68	50.70	39.78	36.58	56.91	37.27	46.03	43.64	38.69	38.43	42.57	58.54	47.11	34.69	42.66	46.69	38.90	45.13	35.26	32.01	36.89	33.88	38.95	36.55	36.05	44.78	42.71	38.98	46.00	48.45	47.38	48.55	45.13	44.91	43.69	36.70	51.67	46.36	49.20	46.00
chr7	30148288	30164384	16096	FKBP14	60.29	26.95	30.64	31.19	36.19	32.47	31.78	53.06	48.60	48.15	48.08	65.70	46.12	44.53	46.06	37.22	39.52	32.12	36.58	37.19	37.75	37.08	53.56	41.72	47.13	45.60	34.01	43.19	56.44	32.88	37.12	39.36	44.09	37.85	39.54	51.01	41.36	37.46	58.08	35.35	47.52	47.22	35.68	38.56	44.08	61.13	45.81	51.00	42.84	45.31	40.68	44.17	34.55	33.54	36.42	36.55	38.26	37.04	37.90	42.48	41.88	40.88	45.33	51.71	47.25	48.87	45.54	43.58	42.80	38.20	54.15	47.71	47.71	45.59
chr7	30732339	30771637	39298	GARS1	60.76	28.05	33.21	31.12	37.76	32.29	33.57	52.39	47.72	49.07	47.49	64.59	47.63	41.95	45.67	37.72	38.30	32.89	35.60	35.07	38.55	38.58	52.16	40.23	45.72	43.57	33.20	41.76	59.81	32.30	38.23	40.00	41.75	38.28	39.73	50.71	40.29	36.54	57.57	35.52	46.27	45.75	35.47	39.42	43.75	60.93	47.73	48.25	45.13	47.37	41.60	44.56	34.02	34.83	35.71	35.88	38.35	38.00	37.87	44.24	41.50	41.13	46.84	50.08	45.49	49.66	47.24	43.37	43.15	37.84	52.72	47.46	47.98	46.72
chr7	38880028	39066224	186196	VPS41	61.20	28.51	32.15	31.45	37.74	32.28	33.18	54.24	49.16	50.08	47.45	65.10	47.66	42.14	45.78	37.01	39.42	32.75	35.65	35.03	38.01	37.43	53.00	40.71	44.65	42.89	33.98	43.14	59.07	32.55	38.29	41.13	41.16	39.12	40.93	50.69	39.59	37.24	57.81	35.44	46.02	46.12	36.05	38.28	44.06	62.21	47.26	41.04	43.39	45.41	40.59	44.13	34.64	34.66	36.73	35.48	39.08	37.39	38.35	44.46	42.16	41.89	46.91	49.43	46.59	48.51	46.21	44.01	45.74	37.87	52.20	47.76	47.91	46.64
chr7	44221223	44224064	2841	PGAM2	65.23	28.61	36.05	28.88	37.29	32.11	27.58	57.78	53.75	52.07	43.80	59.70	37.06	42.39	36.99	34.76	35.41	27.10	29.94	33.84	39.71	34.89	37.80	33.38	39.44	40.84	34.01	44.85	48.23	29.98	31.70	34.29	49.94	34.30	34.74	45.70	35.42	33.76	56.60	34.59	47.36	44.43	32.20	31.07	37.60	53.13	46.97	46.29	35.62	56.73	41.42	55.37	33.11	31.16	33.04	30.80	26.05	34.06	33.91	39.60	36.69	34.34	38.79	42.53	38.60	36.39	36.21	36.00	32.66	35.13	46.86	44.50	40.79	52.81
chr7	45160320	45237028	76708	CCM2	57.25	24.98	32.60	28.59	35.83	30.08	29.56	52.10	48.75	49.29	45.67	59.62	43.35	42.73	42.36	33.63	35.36	31.51	34.66	35.14	36.40	34.55	47.69	38.49	41.41	39.89	35.08	43.60	54.34	29.27	35.05	37.17	42.84	37.17	37.03	46.28	38.17	36.35	57.06	35.68	45.78	44.53	32.73	35.45	39.87	56.82	43.74	53.81	38.63	48.62	40.30	48.07	31.13	30.56	34.08	31.94	35.59	34.53	34.11	40.35	37.89	37.54	42.81	44.80	42.73	43.34	40.27	39.25	40.84	36.05	49.06	45.10	44.16	46.90
chr7	56261387	56266291	4904	CHCHD2	60.47	25.98	33.85	29.46	36.39	33.60	31.10	55.83	53.36	50.38	46.24	67.29	44.75	42.51	46.17	32.91	40.19	31.38	32.50	34.30	36.94	37.37	50.20	38.58	43.04	42.14	33.49	46.19	57.11	34.41	37.42	39.25	46.12	38.85	39.77	48.48	40.17	39.51	60.52	35.92	45.64	45.17	34.18	37.09	42.47	57.57	48.23	56.30	41.95	48.35	42.43	46.75	32.33	34.32	34.21	34.64	39.61	38.82	35.58	42.62	41.71	43.05	43.74	49.20	46.49	43.83	45.11	42.11	42.37	36.22	50.38	47.25	43.95	47.29
chr7	74640899	74722781	81882	BAZ1B	56.43	25.14	32.33	28.84	36.01	30.70	29.45	52.19	47.80	49.42	45.80	60.35	43.85	44.25	44.18	35.49	36.40	31.97	35.27	34.84	36.01	36.52	48.02	38.58	42.97	41.10	33.16	42.84	54.48	31.25	35.87	37.97	41.13	37.61	37.24	46.38	39.10	35.69	56.28	35.32	44.54	45.20	33.46	36.49	40.26	57.52	45.53	54.25	41.20	47.73	41.57	46.59	30.89	32.16	34.46	32.91	36.77	34.50	35.24	40.90	38.48	39.60	43.68	46.40	42.93	44.93	43.00	41.28	42.17	36.64	50.27	45.70	45.26	46.00
chr7	77590141	77591761	1620	HSPB1	46.47	18.49	36.65	26.56	34.00	29.71	24.30	60.77	57.58	57.18	39.07	62.11	34.30	35.77	35.80	28.12	29.21	25.95	29.85	30.74	34.01	28.85	40.28	38.91	35.85	43.53	39.13	49.46	44.08	20.02	26.80	34.26	46.57	32.83	41.41	44.15	40.64	29.36	51.39	32.94	38.01	41.36	25.68	33.19	36.02	44.88	42.30	42.54	33.79	53.17	39.42	54.00	27.48	29.01	32.84	31.66	28.24	24.04	31.21	30.93	32.90	28.35	31.49	47.17	41.72	31.85	32.32	29.95	29.37	32.25	40.69	44.30	33.54	48.02
chr7	85206155	85444786	238631	SEMA3A	61.50	28.61	31.23	30.83	37.50	33.43	32.98	53.03	47.98	49.64	47.85	64.71	49.01	41.09	46.75	37.28	39.19	32.66	34.96	33.84	38.16	38.08	53.74	41.62	45.69	43.57	33.04	42.42	61.28	33.15	38.75	40.78	41.28	38.00	41.04	52.00	39.79	37.30	57.31	35.67	45.57	44.96	36.12	38.29	45.78	63.52	47.10	32.30	44.78	42.74	40.57	40.95	34.77	34.90	37.15	35.83	39.38	37.33	38.48	44.87	42.01	42.55	47.67	50.56	47.44	50.62	47.63	46.02	46.57	38.43	52.82	48.17	48.72	45.85
chr7	93440256	93487387	47131	KRIT1	60.46	28.32	31.60	30.98	36.97	32.37	33.02	54.17	47.58	49.99	48.45	63.05	48.17	42.25	46.10	36.66	38.66	31.28	34.00	33.62	38.04	35.91	51.24	39.54	44.28	43.42	33.46	42.31	58.61	32.12	37.83	40.93	41.49	37.96	40.03	51.44	39.55	37.10	57.36	35.65	46.23	44.90	35.13	38.46	44.78	61.06	47.14	48.74	44.67	44.14	40.66	42.17	33.53	33.90	36.38	35.40	36.95	36.09	37.87	44.26	42.12	41.60	47.25	47.99	46.55	50.55	46.75	43.74	45.21	38.04	52.57	47.24	46.94	47.07
chr7	94372088	94390420	18332	SAMD9L	60.05	29.31	33.00	34.22	39.17	31.78	35.35	52.47	49.01	52.23	47.11	62.84	47.12	40.94	43.05	38.39	40.28	32.66	36.40	34.83	38.44	38.29	52.97	39.63	42.49	42.35	33.89	42.95	58.07	33.19	37.36	40.13	43.07	39.47	39.80	52.64	38.76	37.22	57.57	35.60	47.54	45.58	35.55	38.52	43.09	62.50	46.66	28.09	42.98	44.54	41.52	46.14	33.92	34.03	36.98	36.09	37.75	36.79	36.99	46.57	40.29	43.86	46.72	48.34	46.90	49.90	45.83	43.31	43.65	37.82	52.06	46.77	48.12	46.98
chr7	95820943	95892057	71114	SGCE	61.13	29.89	32.72	32.00	37.99	32.68	33.73	54.35	48.78	50.23	48.17	65.43	48.38	41.31	47.22	37.76	39.58	32.44	34.38	33.85	38.74	38.28	53.11	41.44	46.28	42.69	33.63	42.46	61.39	33.26	38.53	40.81	41.74	38.36	40.70	52.61	39.79	37.33	57.38	35.55	45.89	44.79	36.66	38.45	45.10	63.60	48.15	33.05	44.94	43.29	40.61	42.42	35.42	35.08	37.06	36.83	39.42	37.89	38.28	45.96	42.56	42.25	48.33	49.70	47.96	50.41	47.18	45.76	46.07	38.17	54.03	47.95	49.25	45.77
chr7	101340638	101348885	8247	AP4M1	52.52	21.72	32.36	23.92	33.53	28.85	25.94	51.07	52.26	51.39	44.34	56.52	37.35	39.87	38.78	32.85	34.67	29.76	33.52	35.30	36.02	34.79	42.50	36.22	37.83	38.10	33.53	43.49	46.36	27.00	30.86	36.13	44.78	37.67	33.42	43.96	35.95	31.44	52.41	33.42	44.16	41.23	29.72	29.91	35.98	51.91	43.18	48.07	32.97	51.17	39.64	47.23	29.19	30.00	32.73	29.22	32.70	29.72	29.86	33.79	34.91	31.79	37.72	40.86	37.11	36.60	36.10	34.75	37.92	32.78	41.91	41.38	39.59	47.49
chr7	109465792	109781370	315578	NRCAM	60.74	28.03	32.05	30.89	37.47	32.12	33.55	53.39	48.91	49.54	47.58	63.58	47.07	42.35	44.99	36.90	38.20	32.61	34.94	34.60	37.98	37.38	51.86	39.62	44.54	42.40	33.68	43.06	58.66	31.89	38.05	40.12	42.61	38.54	39.98	50.96	39.16	36.81	57.07	35.30	45.84	45.33	35.55	37.91	43.65	61.32	46.69	38.49	43.11	45.66	40.41	44.40	34.17	33.75	36.53	35.05	38.16	37.31	37.51	43.47	41.15	40.98	46.47	49.12	46.07	49.22	45.90	43.85	45.03	37.54	51.74	47.49	47.73	46.34
chr7	130143332	130172198	28866	FLNC	56.98	26.70	37.56	30.07	34.25	30.24	30.18	55.80	55.42	53.18	48.03	60.67	34.37	39.95	34.55	32.84	33.79	29.66	34.92	34.85	36.09	33.93	45.79	37.74	41.88	40.19	36.62	50.86	50.94	24.73	29.52	35.34	46.94	39.51	37.80	47.82	38.31	33.41	52.94	36.08	44.38	43.56	29.68	31.14	36.82	50.72	44.79	46.09	32.02	57.49	42.81	56.78	28.95	30.37	33.67	31.14	28.83	30.73	28.89	34.84	34.57	30.96	34.82	41.04	39.10	34.79	33.06	34.64	34.23	34.08	46.08	43.12	40.70	54.11
chr7	130267069	130367981	100912	TNPO3	59.23	26.72	31.35	29.56	36.93	32.53	31.19	51.93	48.44	49.67	46.41	64.44	46.45	43.30	45.34	36.63	38.33	32.63	35.85	34.80	37.95	36.04	50.74	40.38	43.75	41.87	34.13	42.69	58.43	32.21	38.24	39.43	42.09	37.41	39.64	48.47	39.81	37.39	57.27	35.23	45.32	44.73	34.49	37.62	43.32	59.80	46.34	51.97	42.35	46.44	40.60	45.31	32.58	33.11	35.66	34.88	37.52	37.60	36.96	43.50	39.54	40.29	45.44	48.26	45.40	47.82	45.23	42.88	43.92	37.58	51.70	47.18	46.67	46.16
chr7	136988528	137035495	46967	SLC13A4	55.80	24.59	32.18	27.44	36.02	30.57	29.40	52.64	48.32	49.84	45.49	60.73	42.37	42.73	41.02	33.89	35.27	32.62	35.16	35.10	35.21	34.07	48.45	38.57	41.38	39.44	34.80	43.41	52.37	30.03	34.21	36.23	43.01	37.74	36.43	46.41	38.36	35.62	55.14	34.80	45.46	43.84	31.22	34.88	38.57	56.24	45.43	52.56	38.25	47.97	39.97	48.34	31.23	32.07	34.63	32.28	35.90	34.67	34.11	39.78	38.05	36.46	42.50	44.14	42.43	43.72	41.10	39.81	39.96	35.19	48.77	44.27	43.62	47.12
chr7	142867258	142971096	103838	AGK	60.76	27.79	31.94	30.40	37.46	31.75	31.76	54.50	48.76	49.76	46.67	64.10	46.03	42.86	44.42	36.76	38.32	32.02	35.24	35.20	37.56	36.88	51.85	40.28	44.40	42.28	33.67	42.13	58.59	32.03	37.83	39.86	41.35	37.98	39.92	49.79	38.75	36.08	56.71	35.46	45.77	45.47	35.37	37.64	43.01	61.53	46.93	41.41	42.71	46.05	40.78	44.66	33.82	33.66	36.40	34.67	38.22	36.20	36.72	43.21	40.94	41.44	46.37	48.34	45.53	48.12	44.90	43.12	43.76	37.33	51.75	46.48	47.44	45.99
chr7	144671526	144707513	35987	CLCN1	57.01	25.05	31.80	27.94	35.86	30.66	30.45	53.46	50.01	49.69	45.58	61.52	41.81	43.32	42.69	34.89	36.96	31.30	34.88	34.32	36.51	35.98	47.53	38.69	42.56	40.89	34.41	43.71	56.02	29.46	34.69	37.26	43.03	38.37	35.98	46.29	39.55	37.74	55.94	34.76	45.03	45.35	32.33	35.31	39.08	57.25	45.53	54.36	39.67	47.83	40.97	47.29	31.93	31.83	35.21	33.55	36.40	33.93	34.96	39.31	37.62	38.69	43.48	45.86	42.80	43.17	42.12	39.37	40.45	35.46	49.47	46.12	44.61	46.92
chr7	158524847	158605388	80541	DNAJB6	59.22	26.22	34.36	30.22	37.67	31.15	30.75	55.26	50.79	50.98	47.00	60.96	42.97	44.82	42.65	35.75	37.48	32.16	36.30	36.06	37.64	35.67	49.15	38.64	42.85	41.37	35.01	44.18	55.83	29.75	35.89	38.47	45.24	37.52	37.30	48.24	39.94	36.54	57.03	36.78	46.60	46.15	33.11	35.69	41.12	57.49	45.87	55.61	38.52	50.76	40.53	49.48	32.25	31.84	34.14	33.54	36.48	35.93	34.44	40.70	39.10	36.92	42.44	46.49	43.36	43.77	41.71	39.51	41.44	35.93	49.87	46.41	46.01	49.09
chr8	1601843	1736745	134902	ARHGEF10	57.92	25.51	33.02	29.04	35.96	30.51	29.44	53.55	50.29	50.55	47.25	61.76	41.93	43.27	40.50	34.82	37.17	31.85	35.49	36.05	36.92	35.73	48.68	38.72	42.92	40.67	34.94	44.79	54.48	29.47	34.27	38.30	42.09	38.81	37.47	48.31	38.41	35.74	56.05	35.27	46.25	44.71	32.42	34.62	39.27	56.00	45.49	54.36	38.85	50.11	41.33	49.52	31.58	32.07	35.26	33.22	35.06	34.70	33.84	39.74	38.32	35.92	41.59	45.74	42.83	42.68	39.98	39.39	40.07	36.14	49.33	45.94	45.29	49.29
chr8	1823633	1924189	100556	MYOM2	57.96	26.45	32.96	30.29	37.05	30.70	31.26	53.69	49.28	49.98	46.67	61.84	43.12	43.22	42.18	35.55	37.01	32.11	35.01	35.79	37.40	35.12	49.27	38.25	42.38	40.57	34.95	44.11	54.64	29.91	35.05	38.37	41.00	37.62	38.30	47.50	38.86	36.61	56.46	35.44	46.16	45.02	33.57	35.25	39.64	57.85	44.71	55.28	38.89	48.89	41.11	47.44	32.16	32.90	35.19	33.51	36.25	35.72	35.03	40.61	39.38	37.02	43.04	45.84	42.80	42.94	41.19	39.51	41.62	35.93	48.39	45.05	45.25	47.30
chr8	17514554	17601063	86509	VPS37A	60.85	28.45	33.27	31.92	37.45	33.28	33.57	52.91	48.87	49.25	48.15	64.06	47.45	42.57	46.14	36.94	39.06	33.27	34.58	34.60	38.02	37.01	51.87	41.56	44.65	43.21	33.94	43.18	57.68	32.97	38.90	40.85	41.13	38.79	40.04	50.87	38.91	37.37	57.68	35.57	46.34	45.00	35.64	38.56	43.96	62.50	47.38	41.76	43.09	45.77	40.32	43.71	33.44	34.59	36.46	35.65	39.07	36.64	36.99	44.25	42.05	41.16	47.75	49.00	46.59	48.87	45.74	43.88	44.77	38.31	52.51	47.70	48.30	46.52
chr8	18323469	18352414	28945	ASAH1	59.40	27.78	32.17	29.95	38.14	33.18	32.83	54.31	50.33	48.68	48.05	64.42	46.69	42.99	44.99	36.30	39.44	31.09	34.49	34.72	36.51	37.20	50.33	40.30	44.19	42.50	34.26	42.84	57.68	31.88	37.44	40.80	41.09	38.03	39.66	51.09	39.14	36.85	59.09	35.46	45.77	46.75	36.12	38.45	42.35	60.35	46.34	48.65	42.60	46.41	41.47	44.92	33.55	33.65	35.48	35.16	39.14	37.49	36.26	42.27	40.19	39.68	45.82	48.48	45.73	47.79	44.84	43.12	42.52	36.69	51.46	47.72	47.98	46.98
chr8	22641237	22707959	66722	SLC39A14	55.62	23.90	32.35	26.93	35.43	29.21	27.93	52.94	47.71	49.66	44.17	59.41	42.36	42.92	41.31	34.36	35.49	32.05	33.99	34.06	35.22	33.49	45.37	37.99	42.14	40.47	33.74	42.66	51.28	29.72	34.78	37.04	40.57	37.14	35.00	44.61	38.44	35.61	56.53	34.65	44.70	44.12	31.33	34.52	38.92	54.79	43.39	53.30	38.15	47.51	39.04	47.56	30.79	30.94	33.55	32.06	34.06	34.08	32.76	38.64	36.76	36.31	41.73	44.41	41.31	42.26	39.86	38.64	39.40	34.15	47.39	44.73	43.31	47.45
chr8	25226442	25232101	5659	NEFL	56.90	27.55	34.08	31.62	36.98	31.00	30.69	56.13	52.33	50.76	45.60	60.23	46.00	38.41	44.58	35.16	39.13	30.03	33.06	33.93	37.71	36.43	48.88	40.73	44.23	44.59	33.48	43.73	57.22	29.82	35.00	39.72	43.13	38.36	40.30	53.27	39.57	33.76	55.74	33.10	44.90	43.82	31.28	35.77	44.18	56.85	47.63	44.26	44.16	51.31	39.98	48.24	34.49	37.32	36.91	36.34	38.93	37.44	36.69	44.63	43.63	44.52	44.73	47.13	46.21	44.51	41.53	41.16	39.79	35.11	49.06	47.15	43.54	47.83
chr8	38013032	38034818	21786	ERLIN2	59.91	28.03	34.58	30.45	35.80	31.66	30.49	52.29	50.64	48.39	46.44	60.48	45.32	43.86	43.33	35.00	37.54	31.59	35.02	36.61	38.32	36.17	49.16	37.75	43.51	41.05	34.27	43.45	55.47	31.72	37.44	39.78	40.25	37.66	38.35	48.90	37.86	36.22	56.76	36.84	44.78	44.76	33.31	36.06	41.00	57.74	46.40	50.37	41.18	48.04	40.31	48.13	32.71	33.54	35.58	33.14	35.11	36.57	35.11	41.03	38.75	40.84	44.46	46.72	43.37	45.66	44.58	39.00	40.87	37.20	49.82	45.80	44.76	47.32
chr8	38508533	38539791	31258	DDHD2	55.70	24.37	30.85	27.31	36.94	29.79	28.24	51.84	48.07	48.61	45.36	61.34	44.00	42.86	43.04	33.93	35.91	30.77	33.82	33.41	36.31	34.88	48.62	37.31	41.57	39.91	32.97	43.20	53.41	30.63	34.96	37.40	38.92	35.48	38.30	45.91	38.26	36.14	56.29	35.10	44.63	44.72	33.38	34.36	40.60	58.19	42.97	51.08	39.98	43.72	39.62	42.70	31.22	31.17	35.10	32.31	36.17	33.61	34.25	39.19	37.04	39.89	42.58	45.57	42.27	45.87	41.62	41.01	41.72	34.86	49.10	44.10	44.89	45.31
chr8	42686789	42809936	123147	SLC20A2	57.12	25.61	32.19	28.63	36.68	30.37	29.58	51.89	47.77	49.10	45.13	61.25	44.00	42.94	42.42	34.54	36.52	31.82	34.70	34.78	36.79	35.06	47.75	38.08	43.23	40.62	34.09	43.28	54.17	30.27	35.49	37.32	40.69	37.20	36.97	45.76	38.45	35.49	55.79	35.64	44.91	45.01	33.11	35.61	40.48	56.22	44.60	54.23	40.01	46.40	39.65	45.75	32.06	31.81	35.05	33.06	35.57	35.09	35.04	40.45	38.14	38.20	44.12	46.59	43.12	45.08	42.04	39.96	41.16	35.86	49.20	45.69	44.60	46.86
chr8	43104785	43111438	6653	THAP1	58.20	27.09	31.70	28.45	37.98	32.20	31.23	51.90	50.03	49.16	46.55	62.16	45.96	42.77	45.25	36.97	37.44	31.49	36.57	35.02	39.07	34.26	48.06	43.49	45.59	43.81	31.88	41.47	58.08	31.69	34.39	40.75	38.58	35.77	40.79	50.04	40.73	35.20	55.22	36.86	45.46	48.51	34.85	39.41	44.71	58.96	44.95	57.22	44.53	45.97	39.43	46.68	30.22	34.34	33.10	34.32	35.94	33.52	33.59	41.92	41.74	38.35	49.00	47.23	44.75	45.66	43.24	42.73	44.99	36.47	51.82	46.67	46.00	50.26
chr8	43117749	43165545	47796	RNF170	57.32	25.97	32.53	28.64	35.88	31.27	30.42	52.94	47.93	48.78	44.88	61.45	44.98	44.06	42.92	34.64	36.89	31.97	34.95	35.13	36.76	35.43	47.85	39.34	43.51	42.24	32.96	42.53	56.56	29.48	35.85	37.31	41.22	38.06	38.03	46.99	38.54	36.91	56.36	34.72	44.61	45.26	33.41	36.12	40.67	58.32	43.84	55.78	40.75	44.87	40.06	43.90	31.17	32.42	34.90	32.81	35.74	34.80	34.47	40.64	38.14	38.12	44.56	45.60	43.33	45.12	42.73	41.11	41.72	36.82	48.95	45.63	45.32	46.10
chr8	43362446	43392367	29921	POMK	60.35	25.85	33.02	30.10	36.44	31.09	31.25	54.67	48.56	50.97	46.65	61.39	44.88	44.19	43.78	35.42	37.74	32.87	34.39	35.98	35.83	35.67	49.92	39.44	44.34	41.43	36.79	44.22	54.65	30.52	36.24	37.85	41.26	38.17	36.60	47.85	38.48	36.07	57.87	36.81	44.39	45.51	33.50	36.35	41.68	56.63	46.48	55.41	40.89	48.78	40.20	48.34	32.90	32.67	34.99	33.70	37.26	37.05	35.43	41.04	37.93	38.44	44.81	45.49	42.09	45.08	43.14	40.30	40.87	36.56	49.17	46.18	44.34	47.88
chr8	60609459	60705474	96015	CA8	60.90	28.35	32.01	31.23	37.36	32.39	33.33	53.51	48.62	49.78	48.86	63.38	47.33	42.61	45.11	36.65	38.77	32.99	34.73	34.85	38.35	37.32	53.04	39.88	44.88	42.68	34.11	42.94	58.48	32.60	37.35	40.33	40.73	38.04	39.53	50.61	39.83	36.98	57.62	36.15	45.95	45.55	35.12	38.03	43.30	61.89	47.02	42.33	43.03	46.50	40.40	44.91	33.05	33.23	36.72	34.35	39.17	36.91	37.30	44.70	41.72	40.61	46.00	48.95	46.24	46.91	45.77	43.59	44.59	37.14	51.30	47.73	48.45	46.40
chr8	61102479	61291800	189321	CHD7	61.00	28.41	32.72	32.25	36.65	32.40	33.50	52.86	49.16	49.50	47.07	64.25	46.89	42.74	44.80	36.95	39.01	32.45	35.28	35.09	37.28	37.65	51.49	39.97	44.22	42.51	33.76	43.23	57.80	31.43	37.91	39.45	40.63	37.81	39.35	50.66	39.54	36.94	57.47	35.96	45.95	45.38	35.68	38.12	43.90	60.66	46.35	45.85	42.47	46.75	40.82	45.56	33.58	33.37	35.94	35.23	38.14	37.59	37.37	44.54	41.58	40.89	46.72	49.17	46.23	47.59	45.44	43.83	44.48	37.60	52.02	48.10	48.14	46.37
chr8	61924300	62138323	214023	ASPH	62.07	28.56	32.23	31.39	37.69	32.50	33.06	54.12	48.87	49.82	48.23	64.84	47.87	42.03	45.50	37.56	38.90	32.60	35.14	34.96	38.25	37.98	53.09	40.45	44.69	42.78	33.94	43.19	59.68	32.68	38.19	41.32	41.21	38.01	40.30	51.11	39.48	37.13	57.14	35.45	46.10	45.64	35.63	38.91	43.61	61.51	46.80	41.12	43.73	45.48	40.73	44.45	34.09	34.03	36.70	35.76	39.17	37.66	37.63	44.25	42.54	41.35	46.23	49.64	45.71	49.33	45.85	44.09	44.79	37.50	52.57	47.53	48.08	47.45
chr8	63482980	63510623	27643	TTPA	62.99	28.65	33.18	29.23	36.95	32.62	32.03	52.25	49.77	51.20	48.07	63.92	46.94	42.34	46.66	37.66	39.81	32.18	35.00	34.59	39.38	37.89	49.80	40.41	45.39	44.00	31.56	41.03	58.84	32.47	37.74	40.82	41.43	38.76	41.04	49.24	39.24	37.60	58.57	35.73	45.89	44.44	34.76	38.51	43.44	62.03	47.05	46.43	44.02	44.09	40.52	42.78	34.11	33.49	36.02	36.26	38.78	37.96	37.80	45.09	42.97	42.38	48.59	49.42	45.74	49.02	47.84	44.60	44.46	38.39	52.72	47.58	47.84	47.79
chr8	65011996	65224254	212258	CYP7B1	62.23	28.87	32.19	31.49	37.57	32.45	33.34	53.39	49.18	50.34	47.98	64.94	48.13	41.54	46.13	37.41	39.11	32.63	35.19	35.14	38.13	38.12	52.59	40.86	45.05	42.83	33.56	43.15	59.95	33.26	38.91	40.65	40.67	39.28	40.52	51.50	39.96	36.83	57.07	35.95	46.00	45.32	35.54	38.21	44.04	62.29	47.06	32.39	43.55	45.20	40.68	43.66	34.61	34.88	37.09	35.89	38.94	37.35	37.75	44.52	42.29	41.72	46.57	50.66	46.96	47.96	46.23	44.35	45.43	38.10	52.80	47.87	47.86	46.96
chr8	72456369	72510658	54289	TRPA1	63.64	29.65	32.19	31.55	37.87	33.04	33.51	53.56	49.81	50.48	47.65	64.45	47.78	41.74	45.80	37.50	39.32	33.16	35.05	35.01	37.53	37.82	54.04	41.50	45.96	43.07	34.93	42.94	61.76	32.67	38.95	41.35	40.45	38.89	40.75	52.45	39.65	37.70	57.60	35.80	47.04	45.16	36.94	39.06	44.57	64.17	48.09	31.21	45.45	43.94	41.88	42.15	33.92	35.10	37.36	36.37	39.54	38.61	38.96	44.90	42.66	42.10	47.66	51.34	46.79	50.28	46.14	45.01	45.73	37.91	52.56	47.67	49.62	46.50
chr8	74663959	74750834	86875	JPH1	62.30	28.97	32.74	31.26	37.30	32.05	33.37	53.83	48.73	49.78	47.76	63.93	48.08	42.43	45.83	38.06	39.51	32.95	35.56	34.95	38.49	37.52	53.71	41.43	44.39	42.29	34.21	43.05	59.10	33.19	38.44	41.19	40.77	38.95	39.80	51.06	38.92	37.19	57.22	35.75	46.05	46.28	35.57	38.31	43.30	60.80	47.29	44.37	43.62	47.19	41.47	45.64	34.06	34.09	37.65	35.77	39.20	38.21	37.56	43.77	41.25	41.40	47.24	49.29	46.08	48.24	45.74	43.37	44.99	38.22	51.52	48.72	46.67	47.15
chr8	74779702	74918431	138729	GDAP1	60.78	27.55	31.37	30.53	36.91	31.78	32.05	52.73	49.08	49.74	46.59	63.00	46.87	40.57	46.57	36.41	38.36	32.49	34.40	33.97	37.44	37.14	51.23	39.63	44.09	41.42	32.91	42.58	58.15	31.96	36.69	39.37	40.28	36.80	39.56	49.56	38.18	36.04	55.26	34.83	45.38	44.26	36.47	38.84	44.34	61.24	46.19	33.20	42.93	44.05	40.20	42.75	33.61	33.59	36.48	35.66	37.93	37.48	36.07	43.32	40.35	39.98	46.01	48.81	46.34	48.43	44.63	43.89	44.24	36.99	51.92	47.55	46.73	45.41
chr8	81871923	81879037	7114	PMP2	62.82	31.20	33.76	33.74	42.48	35.11	34.54	54.93	48.86	49.14	51.57	67.91	54.54	44.09	48.24	36.92	40.94	32.84	35.20	35.72	36.79	37.63	56.24	42.16	44.17	47.96	36.47	43.36	62.71	35.54	40.53	44.47	42.77	39.52	44.35	53.85	41.36	39.77	60.33	36.91	48.28	44.50	38.79	41.96	46.68	65.22	44.64	36.89	46.69	42.96	41.20	42.38	36.67	36.90	37.46	37.63	40.85	41.30	40.41	46.98	43.91	42.64	48.82	52.28	48.70	53.35	48.21	45.52	48.81	42.04	54.26	49.78	51.70	46.76
chr8	96020780	96243737	222957	NDUFAF6	58.20	25.46	31.17	28.75	36.16	30.59	30.44	53.00	48.27	48.93	45.84	61.05	44.08	42.87	43.11	34.98	36.65	31.85	34.48	34.92	36.74	35.25	48.73	39.40	42.56	40.38	33.66	42.60	55.11	30.64	35.89	37.70	40.98	36.85	38.18	47.76	38.05	36.09	56.36	34.78	44.72	44.94	33.59	35.90	40.97	58.56	44.86	50.01	40.39	46.66	39.89	45.78	32.03	31.56	34.80	32.89	36.67	35.91	34.60	41.13	38.90	38.48	43.52	46.73	43.39	45.39	42.72	40.41	42.11	35.95	49.29	45.54	45.20	46.66
chr8	103330400	103364861	34461	RRM2B	60.70	27.08	33.57	30.67	38.10	32.86	31.97	53.93	49.02	50.72	48.72	63.60	48.79	42.88	47.15	36.96	39.81	33.55	35.71	34.79	39.70	38.39	51.65	41.56	44.83	44.00	34.19	43.39	59.84	32.69	37.98	40.26	42.14	37.18	40.55	49.78	39.18	38.18	57.61	36.29	45.97	46.78	35.08	39.21	43.55	63.03	47.90	51.04	44.11	43.81	41.17	45.20	34.88	34.52	35.84	35.76	40.30	37.79	37.81	44.59	40.95	41.72	48.17	50.41	47.34	49.32	46.13	43.32	45.44	37.98	53.31	48.70	49.01	47.25
chr8	104526287	104542756	16469	SLC25A32	65.01	28.37	33.69	30.29	39.31	32.89	33.42	53.29	48.40	49.80	47.23	65.06	48.05	40.72	46.34	37.40	38.88	33.77	35.45	34.54	39.39	39.43	54.93	39.95	45.24	44.28	33.32	43.16	63.24	33.78	39.22	42.12	41.22	38.78	40.02	52.65	40.10	37.98	58.67	35.92	45.60	47.28	36.85	38.40	45.07	62.50	48.55	45.62	45.78	44.70	41.76	45.24	34.11	33.36	37.90	37.02	38.94	37.14	37.88	44.22	42.30	42.19	47.39	49.00	48.43	49.93	45.56	45.74	46.38	38.31	53.77	47.84	48.96	48.18
chr8	104543034	104571087	28053	DCAF13	61.53	28.53	32.85	30.83	36.23	32.32	31.58	53.10	47.13	49.52	48.90	63.60	47.71	42.10	47.32	37.47	39.97	30.81	34.45	34.18	36.53	37.79	51.86	42.05	44.79	43.62	33.15	42.37	59.04	33.53	37.90	40.23	40.66	38.08	41.08	49.87	39.22	36.14	56.09	36.56	46.84	44.26	36.24	38.92	44.85	61.87	47.06	38.00	45.30	44.54	39.85	42.97	35.79	34.86	37.12	34.65	39.46	37.72	37.67	44.30	42.15	41.89	47.54	50.61	46.89	49.21	46.43	44.73	46.19	37.94	54.01	48.33	49.24	47.26
chr8	126158080	126225631	67551	WASHC5	60.29	26.86	32.63	30.40	37.59	32.04	33.36	52.21	48.84	50.12	48.41	62.87	46.24	42.70	45.25	36.82	38.40	32.34	34.88	34.79	37.26	36.73	51.35	40.25	44.55	42.50	33.41	42.42	57.88	31.78	37.93	40.23	40.40	37.59	37.98	49.13	39.06	35.95	56.26	35.27	46.09	45.54	35.20	37.68	43.04	59.25	46.54	47.38	43.54	46.74	41.16	44.30	33.68	33.38	36.80	34.93	37.99	36.43	36.78	43.03	40.89	41.79	46.41	48.46	45.35	48.88	44.71	42.45	44.21	37.06	51.82	46.41	47.25	46.42
chr8	134361277	134421339	60062	NDRG1	57.18	26.81	33.98	30.27	35.41	29.82	31.27	52.74	51.34	49.39	45.67	60.29	40.23	42.89	39.72	33.66	35.48	30.86	34.46	34.90	36.57	34.73	49.20	37.48	42.06	40.14	35.04	44.61	52.95	29.44	33.51	36.71	43.31	37.83	38.35	48.41	37.64	34.62	55.77	35.39	45.64	44.97	32.27	34.40	39.27	54.77	45.37	52.90	37.34	50.75	41.77	50.34	31.02	30.71	34.57	32.54	34.78	34.40	33.38	39.45	38.01	36.58	41.27	44.48	40.49	40.98	39.79	37.89	40.49	34.55	48.16	44.59	43.87	50.07
chr8	145073431	145135033	61602	PLEC	56.05	25.08	39.67	30.18	33.75	29.72	28.65	56.29	53.88	55.23	48.44	62.06	35.72	41.07	35.86	33.25	34.62	29.61	34.90	36.32	39.04	34.99	43.64	37.17	42.86	40.99	38.50	49.93	50.51	25.81	30.16	36.97	48.18	39.52	39.27	48.83	38.22	32.87	52.76	34.36	43.43	43.63	28.89	30.78	36.87	49.84	46.22	46.66	32.75	61.55	46.96	60.38	29.94	30.23	33.13	31.14	28.84	28.76	28.93	35.43	35.12	30.27	34.23	42.30	39.60	34.10	33.27	32.83	34.86	34.61	44.24	44.37	41.69	54.54
chr8	145255892	145258315	2423	CYC1	51.78	24.33	36.30	30.58	33.44	28.34	27.10	55.25	46.59	47.99	38.76	48.88	29.35	33.29	31.31	24.86	35.53	22.55	32.52	33.57	30.39	31.76	42.38	38.22	41.06	37.89	35.56	42.24	46.23	20.25	26.70	31.03	39.90	39.36	35.70	49.63	32.47	28.88	50.57	31.43	39.67	37.72	27.87	26.37	31.91	45.16	40.41	42.07	30.68	52.26	39.95	46.93	27.23	24.28	29.96	30.50	25.63	27.51	28.12	31.89	31.66	27.12	33.41	35.85	37.53	26.24	31.57	33.75	30.30	31.50	42.18	37.92	33.11	46.79
chr8	145527180	145529901	2721	SLC52A2	58.65	23.03	39.16	35.45	35.69	30.15	31.50	57.34	52.87	55.46	46.63	61.54	32.91	35.39	35.30	34.05	34.46	30.53	33.42	33.62	37.55	36.37	47.84	36.14	39.89	40.53	43.55	52.84	50.79	28.27	33.52	36.13	51.67	40.31	43.85	48.41	38.80	35.56	52.32	34.90	45.60	45.23	28.08	31.44	38.23	45.45	46.52	44.35	34.11	63.34	50.96	60.24	31.13	30.40	32.72	28.92	26.91	26.38	29.29	34.30	35.51	28.69	36.10	43.53	37.38	33.44	35.16	34.88	35.36	33.12	49.37	43.51	42.77	55.82
chr9	469751	745414	275663	KANK1	59.25	26.35	32.69	29.71	36.93	31.22	30.93	52.83	48.56	49.68	46.67	62.45	45.49	42.72	43.88	36.09	37.74	32.59	35.35	35.09	36.99	36.17	50.54	39.60	43.84	41.51	33.97	43.28	56.65	31.58	36.82	38.63	41.94	38.00	38.88	49.01	38.98	37.00	57.46	35.55	46.18	45.25	34.47	37.17	42.01	59.27	45.35	50.79	41.82	47.07	40.56	45.99	33.12	32.14	35.63	34.34	37.55	36.71	35.99	42.38	40.09	40.09	45.17	47.31	44.78	46.53	43.72	41.70	42.86	36.77	51.15	46.23	46.29	47.14
chr9	2624553	2662816	38263	VLDLR	59.95	27.51	33.39	31.36	37.27	32.42	32.11	52.45	49.20	49.84	45.34	65.26	46.06	41.45	44.12	36.51	38.46	31.69	35.84	35.96	37.99	37.84	51.51	40.00	43.65	42.13	33.98	42.87	56.89	31.72	37.81	40.71	41.40	37.93	40.10	50.72	38.79	34.97	56.54	35.39	44.95	45.19	34.90	38.13	42.09	59.38	46.22	41.23	43.20	47.96	40.64	48.22	33.95	33.98	37.36	34.38	37.97	35.70	36.52	43.94	40.36	41.59	45.60	48.11	46.00	47.60	45.73	42.11	44.17	36.29	50.25	47.22	46.52	47.50
chr9	21343832	21349574	5742	KLHL9	60.14	30.01	29.03	31.40	38.09	32.69	33.03	52.06	50.35	50.43	48.30	61.66	43.03	43.50	45.29	33.86	35.97	33.75	33.61	36.72	36.73	38.83	50.93	40.08	45.91	43.45	33.62	40.77	55.80	28.86	37.39	41.47	39.94	38.25	39.37	54.18	42.19	37.72	56.66	36.94	45.82	46.82	35.29	38.00	46.22	59.00	42.91	33.61	40.85	44.30	36.39	43.43	33.66	30.79	34.28	34.04	37.93	34.07	39.44	44.23	42.59	40.58	45.86	49.65	48.74	51.76	44.21	48.17	45.55	36.33	52.18	47.43	47.31	48.37
chr9	32989180	33041681	52501	APTX	58.64	25.48	32.09	28.58	36.71	30.87	29.68	53.67	49.35	50.62	46.64	60.84	45.34	44.24	43.57	34.68	37.36	31.86	35.09	34.25	36.76	35.56	50.34	39.29	43.10	42.14	34.72	43.76	55.59	31.40	36.68	38.19	39.69	36.27	37.65	47.33	38.69	36.04	56.24	35.82	45.53	45.20	32.73	36.58	41.12	58.77	45.85	52.51	41.15	47.23	40.24	46.19	31.74	33.43	34.81	33.08	37.18	36.05	34.71	40.83	39.88	39.50	45.14	46.50	44.11	45.35	43.19	41.58	41.58	36.53	49.39	45.91	45.89	47.09
chr9	34197962	34271456	73494	UBAP1	56.77	24.44	31.09	28.29	35.08	29.86	28.94	50.75	47.29	49.09	44.38	60.77	42.69	41.24	43.01	32.96	35.63	31.11	34.29	33.24	34.58	33.89	45.95	37.88	42.04	40.80	33.41	41.85	53.68	29.20	35.20	36.05	39.96	35.87	36.00	44.77	36.91	35.05	56.24	35.39	44.05	44.18	31.76	35.53	40.20	55.65	44.22	53.54	39.05	44.35	39.92	43.93	31.41	30.31	33.42	32.25	35.18	34.34	34.88	39.99	37.83	37.73	41.53	45.37	42.74	42.89	42.40	40.04	40.48	35.66	49.10	44.77	43.94	46.05
chr9	34385153	34395388	10235	MYORG	59.53	26.82	34.96	32.34	36.15	30.27	32.08	58.27	55.01	53.02	50.00	62.62	40.79	45.18	41.28	36.49	38.89	31.53	36.40	37.98	38.98	37.92	49.09	40.06	44.59	43.24	35.46	44.41	54.15	30.39	36.41	40.83	46.70	39.50	39.78	49.43	39.45	34.98	59.03	35.47	47.78	46.51	34.41	36.89	40.55	58.54	49.41	54.07	37.00	54.46	44.67	53.13	32.58	33.50	35.34	36.35	34.38	35.24	34.29	40.34	41.14	36.02	40.44	45.12	42.03	42.07	39.72	38.58	40.65	36.33	50.79	47.75	43.83	49.96
chr9	34653267	34656333	3066	SIGMAR1	59.68	23.68	35.50	29.35	35.73	28.45	26.44	60.20	52.45	52.74	48.29	59.99	40.25	43.24	39.53	33.06	35.50	31.67	35.09	35.50	36.13	34.04	44.19	40.60	40.14	42.13	39.50	45.40	51.74	27.04	35.70	36.17	45.99	41.45	36.43	42.53	41.74	36.22	53.86	38.41	45.84	50.71	29.42	32.12	34.42	53.25	49.86	47.07	36.20	55.02	44.45	55.06	28.88	31.77	33.44	30.09	32.07	34.14	28.36	36.73	36.37	33.64	37.58	42.95	39.35	34.38	36.26	38.21	34.66	35.20	47.35	47.88	45.77	55.96
chr9	35008926	35018082	9156	DNAJB5	55.22	25.28	32.53	29.39	34.63	26.80	27.49	53.49	51.45	46.58	43.29	57.88	36.66	40.22	34.97	30.98	33.30	29.31	29.69	30.21	34.62	33.64	46.39	35.25	39.32	36.98	35.06	46.21	48.62	25.73	30.26	34.49	43.05	33.27	35.08	44.15	34.17	30.95	51.32	31.81	42.26	40.84	29.37	32.60	35.85	50.64	43.92	48.29	34.44	49.68	39.25	45.83	28.26	28.00	30.73	30.01	33.09	30.17	30.40	36.18	32.22	30.78	34.71	40.06	37.58	36.36	35.93	33.51	36.83	33.42	43.49	41.74	41.58	48.84
chr9	35075242	35091804	16562	VCP	56.48	26.22	32.45	27.65	35.63	29.18	29.99	52.18	51.18	48.74	45.83	60.40	41.85	43.76	41.81	33.66	38.11	31.55	35.68	34.59	36.61	35.82	47.71	38.01	41.67	41.25	35.20	43.42	52.57	30.82	33.61	37.77	42.00	37.32	38.09	46.20	38.46	35.19	54.80	35.25	45.35	44.98	32.06	35.69	38.53	56.49	44.43	50.90	38.05	49.50	40.30	48.36	32.47	30.74	34.67	32.84	34.52	33.30	34.18	37.87	37.25	38.37	41.48	43.22	41.35	42.28	41.20	38.79	40.31	35.86	49.28	46.14	44.32	47.52
chr9	35702644	35710710	8066	TPM2	53.09	25.89	35.41	29.57	34.72	27.70	31.37	57.24	51.86	50.42	44.71	58.44	39.56	40.04	37.94	29.75	35.50	28.12	33.38	33.56	38.41	32.21	42.55	37.49	39.15	37.95	34.87	45.68	45.68	26.23	31.13	34.81	43.52	37.65	36.02	46.29	36.42	33.67	53.23	33.08	44.23	43.12	31.41	32.50	37.92	53.93	43.05	49.79	35.34	51.12	43.49	52.79	29.63	30.48	31.82	30.55	31.95	31.01	30.60	34.45	34.95	35.06	38.44	42.13	38.55	35.22	36.74	34.55	35.93	34.55	44.82	43.24	40.97	52.10
chr9	35757545	35769909	12364	GBA2	56.61	26.36	32.75	30.15	35.74	30.44	31.57	55.27	51.41	48.87	45.76	64.78	39.69	41.63	38.13	33.49	35.16	29.99	35.10	36.13	35.58	33.70	47.66	36.46	41.55	37.91	35.53	43.42	52.78	27.73	32.12	38.25	42.10	37.31	33.25	47.53	37.38	33.99	54.89	34.12	45.10	42.36	30.48	32.93	37.69	51.07	43.86	49.89	37.33	50.15	40.20	49.85	30.49	30.07	32.41	31.86	33.75	33.73	32.99	37.30	37.07	35.40	38.40	43.38	38.12	40.06	39.96	37.11	39.62	33.31	47.66	42.92	41.91	48.59
chr9	36236446	36298980	62534	GNE	57.05	24.51	32.23	27.88	36.27	30.09	28.95	51.46	48.51	49.25	45.00	61.09	45.11	43.43	43.06	35.59	36.40	31.58	34.42	34.44	35.96	34.87	46.69	38.25	42.57	40.91	33.25	42.97	54.42	30.54	35.28	37.42	40.71	37.32	37.21	44.80	39.19	35.20	56.08	36.10	45.33	43.48	33.03	35.49	41.73	56.23	44.04	54.54	39.54	45.20	40.05	44.34	31.42	31.77	33.88	32.37	36.12	34.64	33.78	40.14	38.22	39.06	43.80	46.56	43.13	44.04	41.91	40.05	41.20	35.94	49.40	45.54	44.56	47.87
chr9	37803444	37808823	5379	EXOSC3	57.22	28.01	35.65	32.21	37.31	30.84	36.52	53.24	48.62	50.64	46.92	60.50	47.28	40.09	44.66	35.76	34.68	31.25	32.47	34.04	36.03	36.74	50.91	39.08	48.21	42.23	34.27	44.20	62.73	33.16	36.75	38.50	40.12	38.82	39.00	51.40	38.17	37.01	53.66	34.19	44.43	44.06	35.82	37.32	43.03	59.27	45.35	36.09	43.20	44.23	40.50	45.77	33.58	34.54	37.18	35.77	38.17	37.06	35.30	42.57	40.31	37.86	47.33	47.17	42.91	46.27	47.66	41.70	43.26	41.03	53.83	47.19	47.83	47.36
chr9	81209297	81252406	43109	FXN	56.80	25.36	32.23	27.92	36.44	30.65	29.21	52.58	48.27	50.32	45.92	61.53	43.58	42.76	42.35	34.22	35.87	32.18	35.15	35.67	36.40	35.55	47.14	38.62	42.62	40.84	34.74	43.49	55.35	30.36	35.08	37.10	40.10	37.50	37.59	46.27	38.48	36.01	56.89	35.13	45.85	45.28	32.25	35.04	40.08	57.51	44.96	56.41	39.08	48.87	39.79	47.12	31.26	32.72	34.54	32.26	35.34	34.86	34.79	39.44	38.33	38.99	43.42	45.34	42.50	44.15	42.25	39.53	41.40	36.67	49.02	45.21	45.30	48.68
chr9	82210376	82393821	183445	MAMDC2	59.72	28.55	32.88	30.59	36.79	31.90	32.97	54.00	49.26	48.86	46.61	62.91	46.19	42.36	44.55	36.72	38.27	32.56	34.66	34.62	37.08	37.03	51.92	39.59	43.84	41.66	33.77	42.98	57.62	31.98	37.41	40.25	41.45	37.96	39.19	49.73	38.78	36.79	56.06	34.78	45.62	45.01	35.35	37.24	42.15	60.03	46.24	37.94	42.26	45.33	40.51	45.17	33.23	33.83	36.65	34.56	37.82	36.94	36.22	42.66	40.74	40.28	45.62	48.05	44.73	47.87	44.10	42.31	43.42	36.69	51.25	46.43	46.77	46.30
chr9	89334099	89578104	244005	VPS13A	61.56	28.08	31.80	31.11	37.72	32.66	33.20	52.98	48.25	50.19	47.36	64.03	48.40	41.27	46.82	36.94	39.07	32.31	35.34	33.66	38.31	38.26	52.63	41.44	45.53	43.37	33.27	43.32	60.12	32.84	38.52	40.20	40.08	38.11	40.31	51.15	39.50	37.22	56.97	35.36	45.92	45.35	36.14	38.61	44.61	62.62	47.05	41.18	44.07	43.38	41.02	42.05	34.36	34.75	36.89	35.46	38.78	36.98	38.30	44.43	42.07	41.85	46.78	50.18	47.38	49.86	46.55	44.96	45.72	38.15	52.32	48.36	48.33	46.35
chr9	96118363	96130896	12533	HNRNPK	62.10	26.85	34.61	30.17	36.66	32.53	33.28	51.27	49.48	49.61	47.64	64.44	45.78	42.11	45.74	38.17	39.62	32.08	36.22	33.62	39.61	39.33	50.32	40.83	45.75	44.45	34.68	42.98	61.20	31.68	37.03	40.50	42.27	38.66	42.34	53.89	40.53	37.71	59.92	37.10	44.23	45.54	35.57	39.40	42.67	64.53	47.30	42.29	44.16	47.72	42.22	43.09	34.37	31.46	36.81	37.00	42.37	37.39	37.71	43.21	42.06	41.64	46.61	49.53	45.36	47.65	46.13	41.79	44.04	38.07	52.84	47.10	46.56	47.61
chr9	104197619	104281900	84281	SPTLC1	60.07	27.39	32.78	29.93	37.79	31.99	32.49	52.80	49.87	50.40	47.67	63.65	45.57	43.67	44.56	36.80	37.90	32.76	35.25	34.63	37.57	37.40	50.87	40.04	44.45	42.04	34.46	44.14	58.08	31.60	37.40	40.02	42.82	37.72	38.94	49.90	39.06	36.86	56.94	35.67	46.41	45.68	35.04	37.15	42.92	60.51	46.78	49.53	42.70	47.22	42.23	46.51	33.24	33.97	36.79	35.32	38.47	36.26	36.47	42.75	40.52	40.49	46.46	48.41	45.53	47.78	45.06	42.60	43.64	36.92	51.05	47.53	47.06	48.18
chr9	104376734	104460226	83492	IARS1	59.77	26.96	32.11	30.49	37.36	32.47	32.54	52.37	49.83	50.37	47.27	63.04	45.54	43.14	44.74	36.43	38.41	32.91	35.64	36.37	37.69	37.33	51.50	40.08	44.49	42.52	33.78	42.84	57.86	32.56	37.59	39.62	40.89	38.05	38.90	49.27	39.32	36.69	58.67	35.82	47.06	45.49	35.08	37.50	42.20	60.76	46.50	51.01	42.21	46.77	41.07	45.51	32.63	33.17	36.00	34.23	38.02	36.35	36.18	42.74	40.85	40.44	45.74	48.61	45.44	48.03	44.54	42.38	43.02	37.45	51.25	47.66	47.23	46.99
chr9	104877923	104931386	53463	BICD2	57.09	25.55	33.79	28.73	35.19	30.03	29.60	55.03	51.22	51.71	46.55	61.75	40.28	42.64	39.14	33.81	35.80	31.11	35.02	34.94	36.35	33.73	46.54	38.22	41.74	40.10	35.08	45.52	52.35	28.76	33.84	36.22	42.29	37.01	35.97	48.12	38.09	35.39	54.84	35.03	45.45	44.62	31.09	33.08	38.63	53.89	44.08	52.00	35.50	49.98	40.58	48.85	30.32	30.77	34.48	32.02	33.82	33.25	32.72	38.57	38.05	35.43	39.97	45.40	42.01	40.72	39.15	37.70	38.48	35.62	48.13	44.56	43.93	49.52
chr9	110460052	110880595	420543	GABBR2	57.67	26.85	33.09	30.00	36.20	30.49	31.61	53.46	49.68	49.89	46.00	61.68	42.96	43.00	42.00	34.87	36.48	31.83	34.98	34.54	36.04	35.27	48.82	38.18	42.27	40.51	34.13	43.24	55.00	30.33	35.67	37.57	40.25	37.39	37.63	47.51	38.39	35.77	56.11	34.91	45.47	44.74	33.28	35.27	39.76	57.04	45.29	51.59	39.58	47.97	40.41	47.26	31.31	32.23	35.27	32.85	36.09	35.30	34.56	40.07	38.42	38.13	43.30	45.92	42.58	43.74	41.57	39.84	40.64	35.70	49.43	45.47	45.25	47.17
chr9	111388128	111393646	5518	ALG2	59.64	29.66	34.02	32.23	38.98	32.30	35.44	53.64	47.83	52.67	48.91	65.62	44.94	45.89	43.90	38.90	37.43	32.24	36.47	37.55	39.29	40.27	52.90	43.32	47.83	45.42	33.64	44.28	61.31	31.97	36.68	41.30	43.08	39.39	40.98	50.33	37.59	38.87	57.15	36.99	48.90	46.02	37.38	37.51	45.32	63.47	50.12	46.14	45.75	53.74	38.74	48.70	34.84	31.78	37.10	35.56	37.47	37.71	36.93	44.32	43.80	39.25	46.81	49.88	46.30	51.80	44.23	43.05	42.57	38.68	57.37	49.14	50.38	47.55
chr9	117732798	117815798	83000	FKTN	61.96	29.01	32.00	31.49	37.42	32.62	33.73	53.57	49.81	49.69	48.19	64.43	47.19	42.37	46.42	37.88	38.25	33.55	35.40	34.69	37.75	37.83	53.22	40.77	44.36	43.29	33.81	43.09	60.23	33.53	38.64	40.93	40.64	38.48	40.12	50.50	40.14	37.52	56.95	35.81	46.20	45.31	35.89	38.15	44.34	62.18	47.57	38.71	43.85	45.09	40.11	44.43	34.38	34.87	37.41	35.33	38.96	37.25	37.78	44.39	42.14	41.98	47.55	50.29	47.26	49.14	47.03	44.27	45.62	38.35	53.66	47.26	48.08	47.11
chr9	121036643	121103197	66554	ELP1	59.55	27.61	31.72	30.60	36.95	32.09	31.94	53.84	48.66	49.35	47.23	62.75	47.80	42.94	45.82	37.18	39.08	32.53	35.26	34.70	37.08	36.21	50.63	39.99	44.02	42.49	34.17	42.34	57.83	31.62	37.69	39.59	40.27	37.59	38.86	50.56	40.05	36.66	57.52	35.91	46.02	45.11	35.32	37.74	42.32	60.54	46.37	43.94	42.56	46.57	41.23	45.30	33.19	34.27	36.84	34.27	37.66	37.88	35.99	42.76	41.16	40.75	45.01	48.33	44.81	47.88	44.74	42.86	44.19	37.63	51.19	47.77	47.90	45.96
chr9	122838446	122978207	139761	MUSK	60.77	27.96	31.19	31.09	37.20	32.37	32.58	52.26	47.39	48.27	45.82	62.28	47.32	40.86	45.05	36.33	38.42	31.84	34.44	33.44	37.43	37.57	52.45	40.46	45.03	43.05	33.81	42.13	58.32	31.58	37.18	40.05	40.34	37.75	39.98	51.10	39.04	36.40	56.47	35.49	45.29	44.31	35.25	38.08	44.49	62.63	46.69	36.94	42.96	43.10	40.59	41.98	34.21	34.77	37.52	35.43	38.36	36.65	37.06	43.33	41.05	41.21	46.52	48.93	46.21	48.62	45.18	43.86	44.88	37.62	51.37	47.47	46.97	46.02
chr9	128880321	128894320	13999	TRIM32	59.36	26.75	30.42	29.29	35.66	31.57	30.39	52.95	48.31	48.71	46.21	63.38	44.82	41.36	41.43	35.30	36.56	31.67	35.20	34.06	36.75	35.77	48.44	39.22	40.21	39.88	31.58	43.15	57.15	30.44	35.48	39.01	41.78	36.89	36.65	48.33	36.54	36.71	55.16	35.64	44.85	42.27	32.31	36.39	40.28	59.11	46.57	41.00	38.89	48.70	39.76	45.07	33.56	32.53	36.27	33.60	35.72	33.78	35.21	41.98	40.07	38.05	42.71	45.50	44.12	44.99	43.73	42.08	42.74	34.83	52.24	45.32	45.52	45.46
chr9	133397509	133528852	131343	GSN	57.64	26.50	32.95	30.23	36.25	31.06	30.78	53.90	50.03	50.83	46.48	61.26	42.83	43.23	41.68	34.66	36.13	32.27	34.63	35.29	36.15	35.28	48.95	38.38	42.02	40.73	34.62	43.90	54.87	29.92	35.50	37.67	41.31	37.18	37.81	47.24	38.97	35.69	55.96	35.23	45.06	45.00	33.04	35.38	39.71	57.44	44.70	51.82	38.78	48.11	41.32	47.72	31.55	31.13	34.17	32.97	35.68	35.16	33.95	39.42	38.35	37.31	42.34	44.75	42.54	43.69	41.60	39.11	40.69	35.95	49.14	45.90	44.91	47.44
chr9	138819354	138906454	87100	LMX1B	55.16	25.40	35.77	29.23	33.93	28.84	29.02	54.91	52.46	50.57	46.06	60.03	36.61	40.84	36.44	31.84	34.12	28.79	32.14	33.22	34.97	33.41	44.90	36.10	40.97	38.88	36.08	46.61	51.31	26.50	31.34	35.56	42.95	38.30	36.22	46.63	36.58	32.85	53.40	33.44	43.52	43.16	29.40	31.17	36.38	51.66	43.33	49.44	33.86	53.35	41.99	52.02	29.41	29.09	32.28	30.72	30.14	31.03	29.83	35.64	34.30	31.63	36.08	41.98	39.62	35.20	34.92	34.07	35.88	33.40	45.63	43.34	41.80	51.26
chr9	139658435	139710463	52028	LRSAM1	57.18	23.78	33.37	27.12	35.41	29.86	27.48	54.99	50.00	50.29	45.91	60.84	40.94	42.91	39.16	33.98	35.73	30.71	34.47	34.78	35.58	33.41	45.31	36.97	40.75	39.42	34.69	44.75	53.07	28.21	33.03	36.18	42.85	36.80	36.03	44.57	37.33	34.65	55.13	35.49	44.40	43.90	30.87	33.38	37.89	53.96	44.13	54.32	36.71	49.95	42.41	49.59	29.93	30.77	34.14	30.58	33.02	32.11	31.44	37.24	35.37	35.87	39.30	42.98	41.28	41.26	37.56	35.89	37.47	35.01	46.50	44.45	42.81	49.94
chr9	140142874	140145630	2756	DPM2	58.07	28.21	39.71	32.30	38.33	29.20	30.51	52.39	47.88	50.24	44.49	61.40	36.59	37.18	34.76	35.17	38.16	28.05	29.09	32.42	38.03	34.19	46.20	33.83	36.90	40.42	36.97	44.56	47.62	28.92	29.70	41.07	45.11	39.73	37.71	52.38	38.60	34.13	52.70	35.65	45.76	42.18	30.64	32.03	34.32	54.59	48.11	49.98	36.87	56.56	38.83	45.75	30.18	28.55	34.22	31.27	33.05	33.48	27.63	34.77	29.91	34.92	36.72	41.45	38.03	37.34	33.55	33.63	34.35	32.00	45.19	42.47	43.68	47.96
chr9	140462942	140483121	20179	GOLGA2	55.84	24.08	34.15	28.57	33.92	28.84	28.35	54.48	49.89	50.72	45.14	58.07	39.95	39.95	38.45	32.60	34.13	29.60	32.75	33.77	36.66	32.31	42.56	35.13	41.98	36.88	33.65	45.41	50.38	27.26	31.38	34.91	41.53	36.75	35.06	45.53	35.70	31.93	53.57	34.03	43.68	43.42	29.32	31.80	38.12	53.47	42.31	50.70	34.90	51.56	41.07	48.86	29.44	29.85	32.47	30.83	32.69	31.45	31.30	36.22	34.62	35.40	39.66	42.58	39.03	37.72	38.10	34.83	34.60	33.19	44.97	43.29	43.08	50.17
chr9	140711551	140749139	37588	GLE1	55.44	22.57	29.70	25.70	34.83	29.00	26.74	50.72	46.69	46.75	44.25	60.12	43.15	43.17	41.16	33.33	35.43	32.23	33.74	34.58	35.21	33.31	45.79	37.49	41.70	39.57	33.28	40.93	52.55	28.72	34.54	35.89	39.59	35.81	35.54	42.65	36.99	34.55	54.39	34.35	43.42	43.62	31.06	34.59	39.22	54.52	42.53	53.17	38.36	45.85	40.57	45.31	30.24	30.75	33.24	31.84	34.81	31.75	32.79	38.01	35.09	37.10	41.93	43.75	41.35	43.14	40.79	38.52	39.32	34.20	47.21	42.51	42.61	45.01
chr9	140759426	140840530	81104	SPTAN1	56.20	24.01	32.52	27.62	36.05	30.32	29.31	51.28	47.93	48.20	45.31	61.12	43.22	43.48	42.14	35.01	35.80	31.95	34.32	35.04	36.37	34.60	46.26	37.43	42.14	40.43	34.32	43.12	54.46	30.16	35.69	37.11	41.12	37.35	36.92	45.39	38.88	35.85	55.36	35.45	45.18	44.36	32.34	35.23	39.42	56.04	44.94	55.53	39.81	48.35	41.58	47.93	32.09	31.64	33.87	32.69	35.59	34.50	34.07	39.40	38.17	38.27	43.53	44.71	43.17	43.90	39.92	38.40	40.19	35.92	47.94	45.17	43.97	47.70
chr9	141298254	141314238	15984	CRAT	57.04	23.42	36.05	25.64	34.46	29.38	27.10	56.49	53.89	53.89	47.13	60.35	38.12	43.43	36.63	32.19	35.05	29.85	32.95	35.18	34.29	34.65	44.61	38.88	40.44	39.43	35.96	48.33	52.13	26.85	29.84	33.72	45.28	38.44	36.44	46.16	38.58	34.04	52.93	36.11	45.11	45.14	28.87	30.50	36.25	51.77	42.44	52.33	33.85	54.87	45.01	55.34	27.38	30.32	32.35	28.31	29.91	31.20	27.93	34.96	35.17	32.43	35.95	41.46	38.38	35.82	34.95	33.26	35.66	35.03	45.83	43.15	42.22	52.38
chr9	142017520	142028703	11183	TOR1A	56.90	23.49	32.13	28.49	35.12	29.38	27.96	51.21	49.20	48.27	44.36	58.44	41.44	40.43	38.99	31.26	36.98	29.69	32.43	32.75	33.31	33.20	42.66	36.32	39.54	36.61	31.51	43.32	50.06	27.68	31.42	36.42	40.92	36.39	36.87	43.21	36.41	31.88	53.57	32.77	43.85	40.94	31.48	32.36	36.72	53.61	43.79	52.56	37.23	48.15	41.90	47.34	29.19	30.12	30.06	29.49	32.70	31.40	31.00	37.70	35.94	35.99	37.74	42.16	39.26	39.02	36.69	36.51	36.08	32.68	44.11	42.66	39.63	44.69
chr9	142869555	142887937	18382	PRDM12	55.11	23.16	35.19	25.03	33.15	29.23	27.78	51.44	48.14	48.83	44.05	58.23	37.31	39.48	39.38	30.79	34.48	28.25	33.30	32.22	35.74	34.93	44.83	38.23	40.32	39.04	35.16	43.25	50.77	26.02	31.12	35.95	41.88	38.82	34.61	47.61	36.97	31.84	52.54	31.64	42.24	43.04	28.20	30.74	36.74	51.93	43.15	50.39	34.29	51.06	40.37	51.06	29.06	29.47	30.96	30.52	32.62	30.51	28.72	35.43	34.47	31.33	34.48	40.62	39.76	37.78	34.22	33.49	35.86	33.60	42.38	42.30	41.17	47.82
chr9	143715811	143736761	20950	POMT1	54.68	25.53	36.30	27.59	35.23	29.47	30.48	52.47	50.98	49.64	45.25	59.19	40.37	42.23	40.19	35.55	36.08	31.63	37.11	35.79	36.75	34.32	46.51	38.75	40.92	39.72	34.02	44.46	52.73	27.89	32.53	35.65	41.89	37.78	36.10	43.88	37.74	34.86	54.86	35.33	45.68	45.04	31.21	32.98	37.74	53.29	45.17	53.04	37.25	55.07	43.10	51.85	29.91	29.72	32.66	30.68	32.92	34.01	31.61	37.67	36.93	36.00	38.92	43.97	39.69	39.37	37.80	37.16	39.22	35.03	48.08	45.33	42.18	48.71
chr9	144475832	144569459	93627	SETX	58.63	25.24	31.59	28.70	37.47	31.28	29.48	52.00	48.74	48.52	46.79	62.94	45.60	42.88	45.48	36.73	37.88	31.47	35.21	35.38	36.81	36.87	50.17	40.32	43.94	41.44	33.63	42.98	56.41	31.86	36.93	37.45	40.42	37.81	38.60	48.41	38.08	36.52	57.40	35.51	45.39	45.39	33.76	37.25	42.94	58.26	45.70	50.80	41.70	45.72	40.48	45.91	33.56	32.60	35.10	34.11	38.44	36.27	37.23	42.24	40.54	40.97	45.89	47.69	44.57	46.89	43.50	42.07	42.46	36.89	51.31	46.36	46.51	46.79
chr9	145565697	145570441	4744	SURF1	55.86	27.65	35.72	29.63	34.61	30.40	33.26	54.47	52.18	52.12	44.41	64.59	40.08	44.84	40.05	33.90	36.92	30.54	35.25	38.80	39.83	36.99	45.31	38.32	41.43	42.37	38.26	42.66	53.49	29.03	35.18	37.61	44.97	37.20	35.90	53.41	37.35	35.96	56.49	37.88	45.85	41.80	28.48	31.17	36.01	50.80	46.34	56.77	37.11	57.05	42.02	52.37	30.23	29.71	32.62	30.52	33.21	33.73	33.71	38.89	35.65	37.45	40.76	44.84	39.60	43.43	37.03	36.04	39.37	33.72	49.04	46.31	43.91	49.36
chr9	145728592	145738968	10376	MYMK	56.19	24.45	34.66	27.83	33.22	28.83	28.80	54.96	50.26	49.33	48.32	60.16	37.27	41.43	38.39	32.14	34.38	26.89	32.37	34.28	35.67	33.32	44.88	34.71	41.31	37.66	35.54	46.82	50.58	26.78	30.88	34.84	43.58	37.85	35.52	44.47	39.48	33.29	53.28	35.20	44.22	44.55	29.65	30.54	34.26	50.14	43.24	48.32	34.37	55.34	40.71	53.49	28.59	28.57	32.56	28.83	30.91	30.00	29.69	36.06	35.58	30.78	34.93	40.05	39.24	34.65	35.76	33.44	35.43	31.30	42.86	41.80	42.25	52.11
chr9	148639987	148653102	13115	PMPCA	57.56	26.21	37.24	27.71	36.88	29.99	28.70	55.23	50.15	51.20	46.92	63.76	41.89	43.09	41.41	35.59	37.14	30.32	35.86	36.51	36.99	34.59	48.11	38.51	43.53	41.77	35.75	47.83	54.27	30.67	32.71	38.54	46.77	39.36	36.87	47.06	40.68	36.00	59.08	36.78	45.89	45.57	32.10	34.41	40.58	55.19	45.45	54.09	38.48	52.97	43.56	54.46	32.23	32.31	35.08	32.77	34.68	35.73	33.53	38.53	38.74	36.06	40.53	44.40	40.03	40.49	37.86	38.82	38.46	35.34	48.54	44.34	43.34	52.01
chr9	150142925	150389904	246979	CACNA1B	56.91	25.35	33.96	29.30	35.88	30.41	30.07	52.72	49.18	49.45	46.58	61.33	40.99	41.54	39.95	34.14	36.10	30.19	33.77	34.28	35.92	34.35	47.30	37.93	41.97	40.34	34.88	44.58	53.38	28.33	33.60	36.69	41.32	37.87	37.26	47.16	37.65	35.04	54.62	35.15	44.97	43.98	31.65	33.75	39.18	54.48	44.35	50.64	37.48	49.78	41.80	48.71	30.69	29.35	34.24	32.22	33.65	33.37	32.77	38.58	36.56	35.39	40.47	44.62	42.02	40.50	38.50	37.59	38.56	34.92	48.13	44.59	44.13	48.56
chr10	3138970	3174045	35075	PITRM1	60.40	27.55	34.43	30.19	37.95	32.02	31.67	54.67	49.23	50.56	48.06	63.35	46.44	45.08	44.33	36.09	38.23	33.11	36.44	37.37	37.89	36.05	50.47	40.49	43.50	41.59	36.25	44.28	55.68	31.76	36.18	40.22	42.78	37.27	38.50	48.93	41.13	36.12	58.89	37.35	45.88	46.19	35.09	37.29	41.85	59.69	44.58	57.43	41.36	50.15	41.15	49.32	33.36	34.70	37.98	34.32	37.73	36.90	36.18	42.56	39.42	39.57	44.67	47.55	44.71	45.49	42.48	42.30	42.97	37.28	50.39	46.75	46.84	50.60
chr10	12080264	12134492	54228	DHTKD1	53.94	23.35	31.88	26.03	35.09	29.40	27.16	50.60	47.16	48.59	44.49	60.10	42.57	43.87	43.00	33.24	36.06	31.68	34.26	33.59	35.66	33.25	46.15	37.83	41.97	39.41	33.44	43.57	52.34	30.49	35.43	35.60	40.33	37.00	37.17	42.60	38.74	36.25	56.26	35.22	45.70	45.10	31.67	34.63	39.48	53.22	43.56	55.11	38.44	45.81	40.57	45.86	30.27	31.48	33.87	31.66	35.14	33.15	32.46	38.07	37.24	38.14	42.75	43.88	41.62	42.62	40.43	37.60	40.10	35.30	47.82	43.38	43.87	47.33
chr10	13114412	13152929	38517	OPTN	56.85	24.17	30.76	27.60	36.13	30.24	28.91	50.16	46.36	46.98	44.69	60.18	43.73	41.98	42.44	35.93	35.92	31.93	34.94	34.16	35.69	35.44	47.76	37.89	43.55	41.30	33.25	41.99	55.58	31.82	35.24	37.12	41.81	36.18	37.86	47.42	38.79	35.23	55.65	34.86	44.03	43.59	33.16	35.30	41.25	57.90	44.24	52.95	39.53	44.69	38.61	45.58	31.83	33.06	34.87	32.41	37.23	35.34	33.43	39.98	39.11	38.46	43.63	45.58	43.09	44.41	42.49	40.13	41.57	35.85	49.73	45.47	44.52	46.01
chr10	17607535	17635876	28341	HACD1	59.24	24.32	30.71	26.98	36.33	31.93	28.06	51.66	48.32	49.03	46.47	61.46	45.55	42.86	43.83	35.11	37.07	32.80	35.28	34.11	36.69	34.83	48.75	38.79	42.06	43.82	33.08	43.41	57.52	30.36	35.01	38.23	40.15	37.28	38.79	48.02	38.82	37.13	57.76	36.35	45.82	43.52	33.28	37.19	41.90	59.33	44.69	55.21	41.49	43.69	38.81	44.10	33.07	33.07	36.85	33.31	37.01	35.31	35.30	40.91	39.69	39.78	44.31	46.59	44.46	46.34	44.61	41.58	43.85	37.25	50.33	45.20	46.28	46.42
chr10	19834691	20308236	473545	PLXDC2	60.96	27.65	31.35	30.43	37.21	32.31	32.19	52.80	48.48	49.29	47.37	64.03	47.76	41.94	45.83	36.82	38.86	32.18	34.79	34.09	38.19	37.82	51.96	40.30	44.11	42.42	33.27	42.49	59.37	32.65	37.93	40.19	40.66	38.21	39.95	50.38	39.16	36.94	56.87	35.75	45.58	45.15	35.38	38.41	43.52	61.90	46.51	39.35	43.56	44.29	40.81	43.41	34.26	33.84	36.48	35.31	38.64	37.25	37.19	44.12	41.32	41.59	46.97	49.65	46.57	47.85	45.55	44.16	45.14	37.24	52.49	47.36	47.39	46.13
chr10	29488435	29767980	279545	SVIL	58.65	26.53	32.73	29.60	36.57	31.26	30.84	53.37	49.02	49.57	46.78	62.43	44.68	43.56	43.46	35.65	37.73	32.14	35.39	35.30	36.75	36.49	49.71	39.02	42.95	41.38	33.84	43.00	55.97	30.85	36.41	38.65	41.68	37.98	38.24	48.19	39.29	36.14	56.75	35.30	45.79	45.09	33.78	36.93	41.14	58.64	45.70	53.65	41.21	47.65	40.45	46.46	32.58	32.53	35.17	33.89	36.63	36.10	35.71	41.20	39.40	39.28	44.34	47.33	43.66	46.49	43.04	40.85	42.10	36.64	50.06	46.45	46.07	46.90
chr10	30340826	30380279	39453	MTPAP	57.84	25.50	32.48	28.89	37.10	32.29	30.86	53.59	48.47	48.19	46.08	61.14	46.99	43.42	45.55	35.95	37.99	31.20	36.30	34.61	37.25	37.45	48.97	39.53	43.57	42.67	33.97	43.50	57.90	32.47	37.77	38.12	41.02	37.92	39.54	47.07	40.43	35.99	58.26	36.44	47.60	45.50	34.71	38.27	42.77	60.24	45.30	57.00	43.39	44.35	39.33	44.77	32.74	33.12	35.51	34.34	37.65	35.62	36.06	43.55	40.61	41.02	45.86	46.69	45.64	46.58	44.46	41.24	43.28	38.31	51.74	47.80	46.73	45.30
chr10	50457900	50516753	58853	CHAT	57.54	26.44	34.41	30.16	35.96	30.71	31.70	54.22	51.96	51.64	46.44	61.27	40.32	42.12	40.05	34.38	36.08	29.83	33.29	34.10	36.13	35.18	47.59	37.05	41.64	40.29	35.27	44.96	52.73	28.92	32.94	36.93	40.57	37.98	36.61	48.69	38.42	34.10	55.15	34.83	45.30	44.49	31.82	33.44	38.26	54.14	44.65	50.54	36.75	51.16	41.35	48.81	30.37	31.13	34.31	31.72	33.94	33.74	32.89	37.66	37.47	35.60	40.30	44.46	40.47	39.98	38.78	37.22	38.45	35.04	47.87	44.46	43.05	49.50
chr10	50459115	50461526	2411	SLC18A3	61.66	29.44	35.60	36.89	41.43	32.16	32.00	62.39	56.94	57.18	50.83	67.41	39.38	46.06	37.28	36.79	37.73	31.55	40.61	35.59	45.21	37.81	49.35	37.30	47.06	48.75	45.32	55.64	54.14	29.24	33.01	46.70	50.18	47.74	51.58	64.28	44.12	34.43	58.40	40.10	51.10	53.17	30.38	31.00	36.03	55.37	51.60	47.74	36.76	68.21	52.66	64.97	34.11	39.15	37.36	35.45	28.39	33.30	29.61	38.89	37.70	34.67	37.25	45.81	46.58	34.85	34.26	34.36	31.69	36.30	46.54	46.37	41.60	57.43
chr10	50583409	50612062	28653	OGDHL	56.30	26.24	34.12	29.88	35.47	29.97	28.96	57.29	52.40	51.99	47.00	61.97	37.32	41.72	37.33	32.43	35.08	31.21	33.22	32.63	33.69	32.61	44.96	36.15	40.56	38.74	37.33	46.86	52.59	26.23	31.37	35.83	39.98	38.39	36.96	46.52	38.42	34.54	54.48	35.28	45.02	43.19	30.15	31.06	36.09	52.99	45.78	50.19	33.93	51.52	41.36	49.78	28.94	30.00	33.05	30.57	30.81	31.63	31.01	35.90	34.80	32.53	36.53	43.50	40.50	36.41	36.33	35.75	36.10	33.88	46.36	44.08	42.64	49.82
chr10	63670138	63677309	7171	EGR2	54.42	25.29	34.30	30.71	34.53	29.22	30.16	58.88	55.76	54.15	46.53	61.69	37.90	39.18	38.81	33.76	35.51	30.99	35.00	31.37	36.14	34.72	44.00	37.94	41.05	41.53	37.22	48.47	52.94	27.18	30.68	39.52	47.92	39.75	40.24	47.51	40.00	35.94	55.88	36.05	44.29	45.34	30.18	33.16	38.43	55.17	47.42	44.23	34.68	53.11	44.45	52.00	32.34	31.36	32.97	33.34	30.58	30.36	31.96	37.52	40.38	33.59	37.02	41.72	40.41	36.57	35.34	35.23	36.90	33.50	45.34	43.23	42.25	52.79
chr10	68974821	69080820	105999	MYPN	59.38	26.24	32.31	29.24	37.14	31.67	31.45	52.66	48.25	49.35	47.69	63.32	46.94	42.80	45.66	35.96	38.10	32.23	35.44	34.43	37.28	36.74	51.45	39.85	44.31	41.35	33.87	42.51	57.06	32.03	36.77	38.70	41.23	37.89	38.96	48.82	39.10	36.62	57.82	35.72	45.81	45.06	34.79	37.67	42.26	59.88	45.52	53.18	41.94	46.01	40.24	45.37	33.39	32.75	35.93	35.18	37.26	35.94	35.69	42.74	40.48	40.37	45.36	47.78	44.86	47.67	44.19	42.71	43.00	37.23	51.28	47.10	46.37	46.68
chr10	69283291	69341358	58067	DNA2	56.60	23.26	30.13	26.52	36.73	30.41	26.80	51.72	47.47	49.52	45.41	61.99	44.54	43.70	42.61	34.78	36.22	32.14	34.65	34.28	36.34	34.23	47.09	39.40	42.89	40.84	33.38	43.51	55.75	29.68	35.73	37.87	40.74	36.50	37.15	44.85	39.18	36.52	57.69	35.21	45.33	45.63	32.20	36.22	42.20	56.95	44.52	57.33	41.70	43.65	39.90	44.82	30.86	31.54	34.43	32.60	36.15	35.22	33.94	40.20	38.09	39.81	43.47	45.92	43.08	46.38	42.13	41.55	41.82	36.39	49.22	45.50	44.98	45.29
chr10	70138040	70269925	131885	HK1	56.71	24.40	32.49	27.50	36.04	30.64	29.24	52.58	49.26	50.06	45.83	59.56	41.99	43.71	41.04	34.30	35.85	31.84	34.04	35.04	36.04	34.45	47.07	37.42	41.97	40.05	34.51	43.84	52.98	29.24	34.34	36.40	41.28	36.50	37.25	45.65	38.00	35.66	56.37	35.66	45.20	44.95	32.16	34.51	39.12	55.58	45.30	54.58	38.20	48.61	40.07	48.70	31.11	30.34	33.40	32.33	35.16	34.15	32.77	38.75	37.33	36.49	41.62	45.17	42.12	42.38	40.23	38.42	39.46	35.69	48.72	44.83	44.33	47.91
chr10	70670102	70827646	157544	COL13A1	57.07	26.67	34.63	29.86	35.24	29.99	30.79	54.85	51.58	50.99	45.91	60.95	40.06	42.97	38.54	33.43	35.09	31.11	34.21	34.60	35.39	34.47	46.49	36.93	40.54	38.89	35.06	45.06	52.35	27.99	33.55	36.63	41.11	37.31	36.63	47.01	37.82	34.42	55.09	34.25	45.26	43.22	31.46	33.89	38.26	53.27	44.16	53.27	35.95	52.22	40.16	51.18	30.10	31.27	34.83	31.69	33.52	33.43	32.37	38.12	36.79	35.04	40.00	44.61	40.80	40.41	38.47	36.86	38.07	34.82	47.51	44.27	43.44	49.05
chr10	71685759	71750988	65229	SGPL1	60.05	27.27	33.02	29.87	37.52	32.22	32.02	53.30	49.19	49.74	48.42	64.51	46.14	43.23	44.36	36.20	37.93	32.70	35.59	34.94	37.09	36.32	51.09	40.23	45.00	42.02	33.88	42.85	58.97	31.80	38.33	39.53	41.85	38.02	39.33	49.95	39.69	37.03	57.21	35.82	46.97	45.29	34.41	37.13	42.63	59.67	47.22	46.59	41.62	49.07	41.25	46.23	31.95	33.88	35.68	35.36	38.40	37.12	36.52	43.63	40.02	40.40	45.93	47.91	45.75	47.23	44.04	42.64	43.81	37.91	50.93	47.71	47.63	46.95
chr10	72687030	72721975	34945	PSAP	56.60	25.39	33.83	29.54	37.01	30.44	30.48	53.87	50.68	50.39	47.96	61.06	42.42	43.15	40.43	33.98	36.59	31.89	34.40	34.49	37.04	34.83	48.84	37.80	41.45	40.10	34.42	43.76	54.18	30.24	35.02	37.32	42.14	38.42	37.35	46.88	38.37	35.78	56.20	36.53	45.38	44.69	33.73	35.48	39.96	57.04	44.83	54.72	37.89	49.59	39.55	49.38	31.44	30.19	33.25	32.02	35.51	34.73	34.47	40.42	38.09	35.79	43.15	45.83	42.60	43.59	40.31	39.67	39.73	34.81	49.94	44.78	44.32	48.63
chr10	72966864	73088203	121339	ASCC1	56.97	24.81	31.23	27.96	36.96	31.38	29.40	51.79	48.28	48.15	45.51	62.05	44.48	42.61	44.10	35.61	37.24	32.30	34.88	34.11	36.23	35.77	48.70	38.96	43.38	41.10	33.30	42.55	56.59	30.58	36.24	37.96	40.83	36.92	37.45	46.38	38.96	36.71	57.02	35.61	46.23	44.99	33.85	36.57	41.23	57.73	44.79	51.69	41.48	45.16	40.71	44.23	32.31	31.98	34.57	33.42	37.00	35.25	34.61	40.82	38.80	39.17	43.93	46.77	44.19	46.28	43.15	41.21	42.48	37.21	50.42	45.90	45.50	46.62
chr10	73238331	73497425	259094	MICU1	58.96	25.34	31.14	28.74	36.74	31.48	30.73	52.79	47.89	49.18	46.08	62.59	46.20	43.22	44.99	36.09	37.46	32.58	34.98	34.48	36.86	36.07	49.44	40.12	43.99	42.25	33.75	42.64	57.37	31.89	37.07	38.84	40.73	37.20	38.67	47.98	39.45	37.01	57.10	35.62	45.46	45.21	34.23	37.15	42.68	60.16	46.04	52.43	41.91	45.64	41.15	44.36	32.96	33.01	35.11	33.74	37.55	36.01	35.89	42.62	39.94	40.54	45.54	47.40	45.02	48.18	44.62	42.44	43.35	36.95	50.86	46.57	46.93	46.88
chr10	73878592	73968258	89666	P4HA1	57.98	25.59	30.58	28.80	36.09	31.69	30.80	51.51	48.12	48.83	46.92	62.90	45.67	42.28	45.46	35.80	37.70	31.23	34.10	33.46	36.41	36.82	49.53	40.08	43.56	41.55	33.76	41.82	57.01	31.44	36.44	38.87	40.17	37.18	37.93	48.00	39.68	36.34	55.70	34.75	44.83	43.63	34.49	36.83	42.14	59.28	45.49	49.37	42.74	44.33	40.87	42.53	32.78	33.09	35.50	34.37	37.13	35.98	36.02	41.83	39.71	40.83	45.06	48.18	44.94	47.07	44.32	42.68	42.53	37.46	51.26	46.13	46.49	46.91
chr10	75698774	75906154	207380	KAT6B	59.28	26.43	31.72	29.83	36.74	31.20	31.44	52.65	48.52	49.47	46.91	62.77	45.70	43.12	44.17	36.02	37.51	32.02	35.30	34.38	36.81	36.13	49.93	39.51	43.75	42.00	33.62	43.10	57.27	31.51	37.29	38.82	40.47	37.36	38.82	48.55	39.58	36.77	56.50	35.20	45.49	45.27	34.83	36.68	42.50	59.83	45.74	51.49	42.07	46.14	40.11	45.12	33.03	32.68	35.03	34.49	37.66	36.06	35.95	42.22	40.30	40.01	44.92	47.38	44.93	47.33	43.61	42.06	43.60	37.07	51.33	46.37	46.98	46.84
chr10	77738325	78506527	768202	KCNMA1	58.45	27.58	32.87	30.26	36.34	31.14	31.64	53.75	49.37	50.02	46.55	62.11	44.40	43.54	42.82	35.48	37.63	32.06	34.91	35.17	36.46	36.09	50.00	38.45	42.58	41.12	34.00	43.27	55.82	31.14	36.42	38.65	41.18	38.06	38.26	49.01	38.70	36.41	56.68	35.24	45.55	44.98	34.36	36.65	40.85	58.00	45.58	47.28	40.66	48.06	40.13	46.96	32.69	33.07	35.58	33.79	36.94	36.12	35.26	41.54	39.36	39.14	44.31	46.59	43.33	45.62	42.84	40.86	41.64	36.03	50.39	45.86	45.62	47.30
chr10	78844186	78898555	54369	POLR3A	57.51	25.61	31.47	27.86	37.16	31.14	28.58	52.33	48.82	49.08	47.14	62.48	45.63	43.17	44.04	34.53	36.69	32.34	34.84	35.62	36.44	35.18	48.71	38.32	41.82	41.09	34.06	42.86	55.54	31.07	36.32	37.90	41.10	36.90	37.50	47.03	38.33	36.13	56.79	34.56	45.71	44.28	33.14	36.14	41.15	58.13	45.47	52.17	40.44	48.05	40.93	46.64	32.07	32.66	35.05	34.05	36.45	35.92	35.06	40.86	39.53	39.04	44.09	46.54	42.91	46.27	42.61	40.87	41.52	35.77	50.62	45.73	44.96	46.57
chr10	81020011	81074920	54909	ANXA11	56.53	26.33	33.28	28.92	35.13	30.42	29.87	53.55	50.39	50.61	44.79	59.37	40.42	43.04	38.67	33.07	34.60	31.10	34.72	34.59	35.04	33.09	46.42	36.92	40.90	39.21	34.88	44.33	52.26	28.19	33.06	36.15	43.01	38.18	34.79	47.53	36.95	34.56	55.83	35.11	44.95	43.89	31.53	33.89	37.30	54.12	43.96	51.82	36.28	49.15	40.50	48.55	31.07	29.98	33.83	31.72	34.39	33.54	31.72	38.25	37.10	34.37	39.99	44.28	41.37	39.38	38.88	37.99	38.77	34.19	48.24	43.18	43.39	48.42
chr10	87550946	87620190	69244	LDB3	55.27	25.46	34.37	27.62	34.69	29.78	28.85	54.25	51.31	52.38	45.86	61.40	38.04	42.47	38.57	33.71	34.72	30.60	34.03	34.06	36.02	33.17	46.03	36.81	42.03	40.21	36.68	45.39	52.25	27.23	32.02	35.51	41.29	37.63	36.39	46.10	38.29	34.55	54.43	34.15	45.03	44.41	31.29	32.83	37.17	52.98	44.45	51.83	35.68	52.38	39.85	52.42	29.47	30.76	33.42	30.81	32.36	32.54	31.32	36.68	36.86	33.96	38.76	43.41	39.90	39.20	37.35	36.29	37.43	33.81	46.75	44.22	42.53	50.56
chr10	88635418	88702134	66716	ATAD1	61.40	27.42	32.68	31.02	37.21	32.55	33.33	53.18	48.08	50.39	47.78	64.48	47.82	41.87	45.99	36.92	39.70	31.60	34.12	33.98	37.72	37.19	52.50	41.72	45.97	42.66	32.59	42.53	60.33	32.60	37.92	40.39	40.23	38.16	40.54	51.07	39.52	37.25	57.48	34.69	46.22	44.46	35.84	37.69	45.78	64.36	46.75	43.00	44.69	42.64	40.27	41.38	34.14	34.02	36.71	35.15	39.40	37.47	38.20	45.13	42.23	42.33	47.21	50.05	47.62	50.23	47.45	44.56	46.37	38.06	52.87	47.14	48.62	45.58
chr10	89819016	89875204	56188	ACTA2	60.08	27.80	30.44	30.34	37.23	31.69	32.27	52.72	48.77	48.13	47.75	62.49	45.16	42.28	44.70	36.57	38.43	32.39	34.82	35.35	37.96	36.47	52.20	39.77	44.03	41.20	33.35	43.28	57.41	33.02	37.30	39.81	41.46	38.53	38.90	50.28	39.00	36.48	56.31	36.06	45.10	44.33	35.03	38.74	43.01	62.01	46.35	38.53	42.67	46.29	40.19	44.68	34.05	33.54	35.92	35.63	38.03	37.89	36.28	43.05	40.64	41.54	45.90	49.32	45.20	47.88	45.44	43.64	43.35	38.00	52.53	47.48	46.91	45.92
chr10	96485078	96535811	50733	ALDH18A1	60.15	26.88	31.90	29.89	36.78	31.67	32.50	53.54	48.32	49.13	46.90	62.61	45.83	44.31	43.44	35.82	37.97	32.06	35.98	35.44	36.52	35.65	48.96	38.65	43.12	40.96	33.54	43.33	55.97	31.89	36.84	38.48	40.68	38.26	38.41	48.14	39.70	36.69	56.70	34.65	46.57	45.11	34.44	36.08	41.00	58.08	46.05	49.49	41.41	48.20	40.55	46.81	33.61	33.92	35.40	33.46	36.61	36.22	34.66	43.17	39.17	38.76	44.92	47.31	44.57	46.29	44.57	41.15	42.73	36.60	51.02	46.19	45.41	47.04
chr10	96573291	96756364	183073	ENTPD1	60.15	27.38	32.23	31.44	36.66	31.26	33.00	53.63	48.29	49.73	46.77	63.10	45.55	42.60	44.42	35.96	37.59	32.51	34.36	34.69	37.35	36.73	50.23	39.54	43.37	41.82	33.61	42.84	57.36	31.94	37.11	38.97	40.68	37.97	39.47	48.98	39.10	36.29	56.79	35.38	45.78	45.17	34.90	37.32	42.33	59.82	46.61	41.45	42.31	45.58	40.94	45.35	32.64	32.18	35.24	34.38	37.89	36.36	36.10	42.53	40.63	39.61	44.86	47.80	44.75	47.26	44.20	42.78	43.00	36.81	51.13	46.41	46.35	45.82
chr10	98103010	98172839	69829	ARHGAP19	55.28	23.18	31.21	27.30	35.02	30.11	29.14	50.55	46.09	47.28	44.92	60.40	43.66	41.34	42.20	34.50	35.73	30.48	33.46	33.13	35.09	33.72	46.91	37.83	41.28	40.14	32.10	41.40	53.89	29.72	34.55	36.82	37.99	36.62	36.00	45.74	37.18	35.16	55.17	33.30	42.82	43.07	33.20	34.32	40.10	54.94	43.52	50.40	39.94	44.30	39.41	43.40	31.05	30.66	34.12	32.79	34.99	34.24	34.53	40.10	37.21	38.03	43.11	44.80	41.85	45.06	41.31	39.63	40.17	35.28	49.01	44.34	43.98	45.06
chr10	98617283	98641047	23764	ZFYVE27	56.35	26.21	34.73	28.88	36.29	28.94	30.16	52.63	50.43	51.96	46.88	61.57	41.01	43.71	41.46	35.01	37.17	31.78	34.39	35.31	37.19	35.06	47.48	38.43	41.80	39.53	34.07	45.95	53.55	29.32	35.54	37.31	42.15	38.21	39.91	46.15	39.66	36.72	57.57	36.54	46.24	44.73	33.48	36.02	39.52	55.17	44.77	54.96	38.05	50.04	41.63	49.28	29.15	31.62	35.48	32.09	34.76	34.52	33.12	39.81	37.76	37.82	42.63	44.97	41.62	42.38	40.00	38.95	39.63	36.07	49.24	46.38	44.33	47.41
chr10	99128068	99148240	20172	LOXL4	56.25	26.90	32.51	30.70	37.35	30.47	31.76	55.56	54.13	51.30	47.33	60.22	40.61	42.58	40.87	34.40	36.20	32.45	34.23	35.42	36.09	34.57	48.35	36.85	40.93	39.65	36.78	44.43	52.37	27.73	34.55	38.58	42.26	39.73	36.11	48.15	38.11	34.79	54.39	35.09	45.66	43.48	32.85	32.87	37.27	56.15	46.38	52.82	36.13	51.34	42.99	49.98	29.75	31.21	36.55	31.54	34.03	33.64	32.53	37.72	37.38	34.94	39.92	44.25	42.38	39.62	38.48	37.98	40.42	35.36	48.93	45.70	43.45	51.03
chr10	100577296	100615117	37821	COX15	58.23	26.23	31.79	29.95	36.90	32.32	31.10	53.31	49.06	49.27	45.61	60.55	45.63	43.44	44.12	35.30	37.80	32.71	34.42	33.50	36.80	35.86	49.66	39.72	43.58	41.80	34.22	42.28	55.76	30.86	36.26	38.69	42.03	37.10	38.86	46.02	37.23	34.95	56.87	35.51	44.92	43.88	33.46	36.50	42.45	56.35	44.97	53.17	42.26	46.24	41.41	44.83	32.75	32.49	35.86	33.84	37.50	35.41	35.57	40.56	39.12	40.31	45.86	46.77	43.97	47.13	44.06	41.99	42.01	36.68	51.27	45.79	46.46	45.50
chr10	101034335	101070271	35936	ERLIN1	60.18	28.59	33.05	32.07	37.89	32.07	33.38	54.00	50.14	49.63	48.74	65.71	47.74	42.12	45.56	36.52	39.89	31.82	35.00	34.67	37.36	36.74	51.96	42.28	44.49	43.70	33.58	43.10	59.26	33.77	38.59	39.92	41.02	37.40	40.51	50.57	39.33	37.37	58.44	35.88	46.93	47.01	35.86	39.45	42.29	61.74	47.28	39.71	42.96	45.23	40.42	44.44	33.43	33.79	37.22	35.20	38.99	37.12	37.27	43.22	42.02	41.18	48.10	49.34	46.61	51.78	45.25	43.48	44.64	37.35	52.31	48.13	47.38	47.46
chr10	101116555	101151894	35339	CWF19L1	58.27	24.99	30.71	27.31	36.82	30.13	29.63	51.31	48.23	49.57	46.76	63.67	45.02	43.36	44.43	35.10	37.51	32.92	35.41	35.77	35.66	35.89	49.15	39.41	43.27	42.92	33.69	40.51	56.21	30.96	37.05	40.00	40.94	37.42	37.67	45.31	39.16	37.08	58.65	35.09	45.10	44.95	33.73	35.47	41.35	58.08	46.74	55.43	40.94	46.02	40.76	45.33	31.94	33.77	34.74	33.33	37.06	36.35	34.90	40.92	38.91	39.69	44.51	46.76	44.32	46.32	43.03	42.01	43.83	37.01	48.22	46.38	46.02	47.05
chr10	101870917	101877778	6861	TWNK	56.89	23.75	34.26	26.54	35.08	31.61	28.36	50.45	48.91	48.48	44.69	60.09	39.31	43.44	38.19	29.76	36.52	31.91	34.80	35.63	38.16	33.91	45.92	33.38	41.64	39.92	35.65	41.80	49.50	28.27	30.48	38.00	44.49	38.85	37.32	45.03	37.63	34.85	57.28	34.74	48.81	41.73	32.03	32.63	38.99	51.15	45.73	55.94	36.13	49.24	41.29	48.68	29.59	31.10	32.55	31.97	34.45	32.35	29.33	37.28	34.98	35.13	41.74	45.20	40.87	44.14	38.29	36.41	38.29	34.13	47.50	41.23	42.26	49.75
chr10	103115629	103267847	152218	GBF1	56.62	24.92	31.14	28.60	35.93	30.27	29.64	52.78	48.04	49.56	45.62	61.10	43.36	43.16	43.00	34.89	36.51	31.62	35.21	34.60	36.25	35.18	47.91	38.06	42.83	40.56	34.08	43.28	55.13	30.24	35.43	37.36	40.73	38.01	37.18	46.57	38.78	35.78	55.84	34.41	45.11	44.75	33.18	35.50	40.52	56.76	44.98	51.98	39.64	47.43	40.93	46.18	31.20	30.89	33.36	32.57	36.30	34.77	34.27	40.24	38.31	38.44	42.81	45.82	42.63	44.20	41.51	40.13	40.69	36.00	49.72	45.37	44.71	46.61
chr10	103974257	104079521	105264	NT5C2	60.17	25.94	31.44	29.80	37.21	31.48	31.10	53.47	48.70	49.45	47.81	63.86	47.20	42.34	44.68	36.81	38.13	32.10	35.65	34.48	37.20	36.56	49.75	39.76	44.79	41.81	33.65	43.01	59.38	31.08	37.25	39.75	42.76	37.73	38.68	48.43	39.42	37.51	57.32	35.50	45.38	45.73	34.23	37.27	42.49	60.00	45.66	51.69	42.47	45.68	42.33	44.77	34.40	32.13	35.30	34.55	37.40	36.14	36.19	42.71	40.50	40.02	45.55	48.88	45.10	47.09	44.51	42.74	43.94	37.48	52.16	47.01	47.34	46.57
chr10	104764811	104805419	40608	STN1	60.16	25.87	31.88	29.34	37.14	30.22	31.41	53.37	47.81	49.75	47.66	62.59	44.65	43.54	42.40	35.60	39.05	32.44	35.11	36.12	36.76	36.12	50.65	38.28	42.28	41.61	33.66	43.25	57.98	31.12	36.86	40.77	42.13	37.57	37.99	49.30	39.16	36.89	57.11	34.92	45.80	45.98	34.44	36.74	41.22	59.81	44.79	49.42	42.14	47.25	40.45	46.84	34.33	32.77	35.74	34.32	36.84	36.77	36.20	42.37	39.78	39.88	46.29	47.41	43.50	46.61	44.46	41.48	43.14	35.82	50.46	45.66	45.31	47.29
chr10	110880226	111019428	139202	ADD3	59.55	27.16	31.56	30.20	36.46	32.28	32.63	52.04	48.08	48.66	47.25	63.00	46.54	42.17	44.63	36.45	38.27	32.47	34.62	34.09	37.89	36.99	51.12	39.94	44.86	42.05	33.83	42.70	57.55	31.71	37.39	39.46	40.24	38.28	39.56	49.51	38.87	36.36	57.09	35.52	45.31	44.86	35.02	37.85	43.58	61.04	46.29	43.31	42.74	45.46	39.33	44.20	33.88	32.45	35.09	34.98	37.93	36.91	36.59	43.34	40.52	40.00	45.18	49.13	45.85	48.97	45.34	43.89	44.39	37.60	52.42	47.07	46.39	46.46
chr10	120063135	120074228	11093	PRDX3	55.51	25.78	32.87	27.41	35.59	30.59	28.92	53.16	48.82	49.25	46.87	59.96	44.38	42.44	42.41	33.96	34.75	31.56	32.11	36.37	37.86	37.79	46.68	37.56	44.57	41.29	33.93	42.30	52.16	33.31	35.57	40.30	42.21	36.94	34.02	44.48	39.61	34.94	55.29	35.91	44.63	43.13	33.53	35.56	40.83	52.96	45.84	54.25	39.27	50.53	40.54	49.77	31.96	32.24	33.64	33.46	35.43	35.75	34.95	41.71	37.70	39.88	44.10	44.56	46.09	44.84	39.39	38.73	38.60	35.38	48.26	44.27	41.27	45.37
chr10	120548962	120575488	26526	BAG3	56.34	25.78	33.66	29.67	35.16	29.57	31.15	53.21	50.14	49.36	45.32	58.79	41.28	42.71	40.87	34.17	35.74	30.86	34.69	35.55	35.48	34.69	45.76	37.14	41.43	39.66	34.09	43.78	51.32	27.60	33.08	37.03	43.77	36.50	36.17	46.72	37.34	36.15	55.87	35.66	44.63	45.24	31.70	33.67	38.46	55.06	42.34	52.61	37.29	51.11	39.87	47.69	29.78	30.55	33.25	32.12	34.11	32.75	32.70	37.14	37.25	35.57	40.44	43.49	41.22	41.64	40.51	37.75	38.68	35.18	47.63	43.52	43.85	48.20
chr10	123357405	123410753	53348	HTRA1	58.44	27.76	34.27	29.94	35.52	30.07	30.92	52.97	49.19	49.81	45.49	61.30	42.72	42.80	40.02	34.67	37.01	30.44	34.89	34.76	36.03	35.84	48.08	38.21	43.11	40.06	34.35	43.29	53.35	30.19	34.49	37.58	40.81	38.74	37.96	47.66	38.94	35.46	54.54	35.32	45.04	44.44	32.69	34.92	39.33	55.43	45.25	54.92	37.31	51.21	40.83	48.99	31.10	32.01	35.28	32.67	35.41	34.94	33.27	39.69	37.65	37.60	41.98	44.27	41.74	41.58	39.78	37.83	39.51	34.64	47.56	44.98	45.40	48.59
chr10	130762551	130891466	128915	EBF3	58.89	27.16	33.99	29.80	36.88	31.13	30.77	53.61	50.12	51.13	46.86	61.97	43.60	44.01	41.51	35.34	37.63	31.79	35.31	35.51	36.98	36.46	49.74	39.00	43.37	41.18	35.08	45.48	55.59	30.42	35.69	38.04	42.43	39.07	37.88	49.51	39.84	36.36	57.82	36.45	46.50	46.22	33.33	34.90	41.07	56.71	45.36	55.58	38.93	51.61	41.68	50.62	32.05	32.90	36.08	34.03	35.94	35.90	34.43	40.76	39.50	37.43	43.64	46.81	43.47	41.62	41.27	38.80	40.28	36.15	49.51	46.28	45.29	48.59
chr10	133732362	133735334	2972	NKX6-2	53.52	26.20	40.06	32.14	33.25	30.30	29.21	50.39	48.16	46.23	46.28	58.69	36.20	36.62	35.24	33.39	35.75	25.91	37.35	39.41	40.53	35.80	47.59	37.52	41.46	37.41	36.32	49.20	52.27	22.82	25.82	35.94	43.24	37.71	39.96	50.90	37.02	33.16	50.07	33.92	44.73	43.27	27.73	26.62	35.89	48.22	44.25	45.90	31.80	60.21	49.97	56.88	31.51	29.50	33.37	34.38	29.26	25.28	27.65	36.05	31.40	27.84	29.24	36.33	39.28	31.66	31.01	27.86	31.45	31.39	42.63	36.24	34.78	59.72
chr10	134317600	134328373	10773	ECHS1	54.18	25.66	37.20	30.00	34.84	32.23	29.56	52.41	50.04	50.56	45.71	57.86	39.24	40.77	38.12	32.92	32.98	28.80	32.30	32.59	33.75	33.45	47.46	37.85	40.92	39.64	35.12	43.30	50.29	27.70	29.17	36.90	43.11	35.30	36.24	47.34	37.38	33.22	51.27	33.09	43.14	44.60	30.46	33.69	37.76	53.37	43.24	52.60	35.60	52.62	42.90	51.27	29.68	28.83	33.66	31.24	31.58	31.97	31.19	33.84	36.69	33.67	35.12	42.04	39.45	38.37	37.34	35.30	36.27	34.49	45.74	43.68	41.42	49.42
chr11	360909	362094	1185	IFITM3	58.95	24.68	38.44	28.66	34.44	27.91	31.81	55.55	55.94	58.44	46.22	60.28	35.91	34.04	38.54	32.22	34.82	25.45	32.00	30.00	32.76	34.29	49.60	36.42	38.60	36.79	38.85	49.05	50.35	25.88	31.74	33.47	41.53	32.49	35.01	50.03	36.70	31.25	50.87	31.07	47.23	42.90	32.15	30.82	39.29	54.20	42.19	47.94	31.57	52.78	43.60	53.79	24.31	28.58	29.47	30.53	30.26	30.89	25.65	32.90	33.45	30.93	33.01	40.57	40.75	32.84	34.78	33.66	35.71	36.70	42.36	39.86	44.10	55.60
chr11	579237	582554	3317	HRAS	55.43	25.32	37.83	34.44	30.93	30.19	28.84	51.36	49.37	46.15	46.89	63.40	35.37	39.25	31.25	29.96	32.95	28.32	34.62	35.59	36.17	35.75	43.40	35.38	44.42	38.12	34.01	49.66	47.77	25.11	26.97	35.10	45.68	39.14	41.14	49.39	35.21	30.20	46.04	30.64	38.59	39.82	26.26	29.50	33.12	43.22	47.24	40.36	29.41	62.90	50.20	59.39	29.07	31.14	30.29	26.95	24.83	26.59	28.04	35.92	33.07	28.97	30.26	40.37	33.19	29.84	30.69	29.54	31.14	31.37	42.09	44.14	36.77	55.28
chr11	870349	877008	6659	PNPLA2	51.98	24.76	39.24	29.79	33.99	29.49	28.05	54.92	54.38	54.96	49.41	59.72	34.61	40.53	34.56	32.56	34.64	27.08	31.96	34.90	38.55	34.24	43.49	37.85	40.79	41.15	40.15	52.15	48.20	23.80	27.47	32.44	48.02	39.83	39.25	42.00	37.43	30.57	50.62	34.17	43.10	43.54	25.40	30.70	35.09	47.28	44.68	43.28	31.60	62.32	46.37	61.55	29.96	27.04	31.16	29.97	26.86	27.68	30.33	32.95	33.24	26.15	31.63	40.75	37.93	32.56	31.74	32.51	33.13	33.86	41.51	43.64	39.95	53.28
chr11	977297	1071157	93860	AP2A2	53.02	22.38	31.81	25.87	32.69	28.05	26.11	49.12	46.73	46.92	43.22	58.09	38.01	40.34	37.47	31.70	32.99	28.64	32.10	32.68	33.39	32.32	43.46	35.20	39.41	37.19	34.07	42.02	48.89	27.26	30.64	33.95	40.79	35.65	34.47	42.92	35.60	33.65	52.57	33.09	42.46	42.03	29.01	31.19	35.88	50.12	41.96	48.59	34.72	50.02	39.24	47.89	28.86	29.01	32.81	29.98	31.59	31.30	30.12	35.16	33.84	33.05	37.76	41.02	38.20	36.56	35.99	34.63	35.67	32.70	43.89	41.54	40.23	46.80
chr11	1924779	1927477	2698	TNNI2	50.88	24.52	35.89	29.00	35.23	27.89	28.00	54.18	58.08	54.05	44.34	58.49	31.11	34.83	33.09	30.69	30.83	26.95	32.34	35.55	38.53	34.71	38.80	35.77	43.12	37.84	36.23	51.34	48.85	22.89	25.42	33.53	46.38	38.25	42.03	48.20	36.14	34.17	52.13	37.68	40.80	40.01	25.09	28.38	34.62	46.21	46.16	46.67	29.41	58.14	39.06	57.13	25.62	26.49	31.43	28.10	22.92	26.21	24.15	30.44	33.76	26.96	29.75	39.62	35.49	29.51	28.73	27.36	28.84	34.36	41.59	44.40	38.46	51.14
chr11	1983742	2002746	19004	TNNT3	57.78	25.09	36.39	29.91	34.07	30.96	29.37	58.83	55.23	54.32	48.32	62.42	35.41	38.93	36.97	34.06	33.30	29.87	32.92	35.54	36.34	33.86	45.22	38.49	39.70	39.55	38.18	48.01	51.54	26.27	29.30	37.17	46.11	39.27	40.33	48.25	37.41	32.90	53.25	34.50	44.19	43.17	27.82	30.50	36.82	51.38	45.95	46.38	31.31	57.12	45.49	57.98	28.48	29.28	32.04	30.07	29.83	30.34	29.02	33.85	35.31	29.86	34.89	41.43	39.78	31.98	34.43	31.67	33.73	35.73	43.85	43.38	43.10	54.99
chr11	2253294	2261192	7898	TH	55.90	25.88	35.58	30.26	29.12	28.64	25.88	54.41	53.22	50.28	46.65	59.07	32.56	36.22	31.49	29.83	31.69	27.89	32.97	34.79	35.35	31.17	41.86	38.04	38.94	36.99	36.15	49.74	48.70	24.00	27.29	33.74	44.98	39.37	35.07	47.14	33.78	30.28	49.60	31.81	40.89	39.47	24.61	27.72	33.95	49.19	46.61	41.51	30.49	58.73	46.28	56.81	26.99	28.31	32.99	26.84	24.39	25.74	27.10	32.10	30.21	27.11	30.57	37.94	36.42	29.35	29.99	30.25	30.66	33.46	45.85	42.00	40.23	51.68
chr11	3919927	4158475	238548	STIM1	57.54	25.97	31.77	29.69	36.42	31.01	31.20	52.68	48.72	49.32	45.62	61.87	44.22	43.00	43.26	34.88	37.04	32.33	34.97	34.68	36.45	35.50	48.85	38.88	42.66	40.55	33.87	42.64	55.19	30.91	36.47	37.54	40.69	37.41	37.94	47.82	38.64	35.91	56.11	35.19	45.11	44.59	33.91	36.63	41.39	58.69	45.04	47.43	40.34	46.85	39.68	45.75	31.70	31.25	34.34	33.25	36.84	35.21	35.44	41.11	38.91	38.90	43.64	46.62	43.50	45.72	43.02	41.34	41.95	36.19	50.14	45.86	45.68	46.50
chr11	6448930	6453455	4525	SMPD1	57.61	22.66	30.59	25.35	36.20	28.85	25.68	52.10	51.41	51.18	41.92	58.20	34.00	41.19	36.65	31.79	34.72	31.10	32.56	35.56	35.66	32.02	41.98	38.71	38.00	39.79	36.46	47.83	51.75	25.06	32.51	32.82	40.53	38.00	36.96	46.07	34.16	34.49	54.74	30.95	44.08	48.59	28.75	32.30	34.60	54.14	43.99	47.41	35.09	52.98	42.77	55.14	26.92	30.88	35.08	30.08	30.90	33.12	33.28	33.96	33.16	33.79	35.86	41.74	38.18	36.38	35.92	32.29	37.64	34.62	47.42	43.43	40.54	46.21
chr11	6671235	6677889	6654	TPP1	54.11	25.86	35.49	29.81	33.48	28.16	31.52	53.40	50.35	47.42	46.12	58.17	37.74	42.13	38.00	32.59	35.07	27.12	30.23	33.48	34.61	32.53	47.28	36.68	38.52	36.68	34.21	42.99	52.31	30.02	36.54	36.29	42.39	36.10	36.91	47.59	37.06	33.35	53.62	35.05	43.88	43.25	31.01	35.02	35.80	53.66	42.85	48.64	34.34	49.75	38.48	48.39	31.74	28.02	30.82	30.22	34.06	32.05	33.21	36.91	35.39	33.05	37.60	42.93	38.36	38.76	38.10	34.12	36.62	33.35	46.45	41.94	41.93	47.97
chr11	9863047	10389344	526297	SBF2	60.31	27.22	31.90	30.63	37.38	32.32	32.60	53.17	48.89	49.12	47.39	64.26	47.56	42.38	45.75	37.06	38.74	32.23	34.89	34.11	37.63	37.24	51.36	40.05	44.41	42.46	33.80	42.89	58.87	32.36	37.71	39.74	40.62	37.93	39.94	49.85	39.63	37.22	57.83	35.40	45.86	45.46	35.48	37.97	43.64	61.25	47.16	45.49	43.68	45.11	41.23	44.20	33.43	33.94	36.69	35.08	38.49	36.72	37.21	43.11	41.01	41.26	46.34	49.23	46.33	49.24	45.49	43.36	44.32	37.49	51.96	47.42	47.68	46.76
chr11	17817260	17819826	2566	MYOD1	53.98	26.38	33.77	29.55	34.57	28.76	25.55	53.90	55.79	54.32	49.58	64.48	32.92	39.51	35.43	36.71	36.04	27.64	33.69	33.04	40.43	36.96	45.56	35.10	43.63	48.70	40.45	47.47	52.79	24.74	27.86	37.28	48.55	40.98	42.22	47.33	34.79	32.60	48.91	36.48	47.37	45.60	28.79	25.30	35.66	46.75	40.52	40.98	32.51	61.11	47.34	57.26	27.45	30.68	34.35	29.41	27.17	27.05	25.71	36.42	38.83	31.85	34.88	40.08	39.33	35.04	30.69	33.85	32.41	32.00	40.82	47.95	42.14	59.46
chr11	18492693	18506551	13858	LDHA	56.44	25.35	32.78	28.28	38.17	31.51	28.20	53.80	48.20	49.33	45.64	61.81	44.15	41.78	44.38	36.54	36.58	33.19	34.02	35.64	35.57	34.50	50.01	38.89	42.54	42.54	35.05	44.03	56.86	31.43	37.32	39.44	41.51	37.08	37.37	47.15	41.85	38.14	56.98	34.30	46.61	43.97	33.95	36.09	39.05	57.70	44.92	58.35	40.29	48.45	41.19	45.99	32.01	32.11	35.35	33.21	36.57	35.77	35.47	41.47	38.48	38.93	44.28	46.46	44.53	46.09	43.12	40.76	42.55	36.84	50.92	46.37	45.71	45.17
chr11	20720414	20780085	59671	SLC6A5	57.80	26.76	33.18	28.87	35.88	30.31	31.52	53.02	49.08	49.72	45.80	61.27	43.51	42.09	41.60	34.17	35.76	31.31	34.47	33.63	37.33	34.41	48.27	37.25	41.31	39.57	33.12	42.49	54.42	29.51	34.82	37.66	39.78	37.02	37.99	47.42	38.80	34.59	54.58	33.72	45.63	44.86	32.89	35.89	39.36	56.30	44.49	47.46	39.16	48.00	39.62	46.85	31.21	31.54	34.76	32.74	34.53	35.17	34.26	40.24	39.62	37.49	42.56	46.13	42.45	43.84	42.77	39.13	40.28	35.75	48.95	44.91	44.69	47.22
chr11	22313113	22403882	90769	ANO5	61.64	29.08	31.46	31.01	37.50	33.34	32.87	53.80	48.42	51.19	48.26	64.42	49.61	40.67	47.45	37.14	39.82	32.26	34.15	33.28	38.19	38.05	54.25	41.02	45.49	43.64	33.40	43.68	61.97	32.78	39.65	41.65	39.42	38.31	41.15	51.94	39.82	37.85	56.13	35.07	46.48	44.35	36.84	39.16	45.59	64.15	47.39	25.12	45.33	43.75	41.00	41.76	34.49	35.72	38.14	36.12	38.77	37.22	38.25	45.45	43.24	43.32	46.80	49.99	47.52	49.96	47.09	46.15	46.00	38.50	52.82	48.33	48.05	46.77
chr11	26329687	26803844	474157	ANO3	62.00	28.23	31.62	31.15	37.54	32.84	33.11	53.23	48.43	49.69	47.37	65.07	48.80	41.90	46.36	37.63	39.15	32.82	34.88	34.45	38.24	37.67	52.75	40.86	45.29	43.21	33.89	43.06	60.62	32.96	38.61	41.08	40.69	38.44	40.84	51.89	39.71	37.47	56.75	35.58	45.45	45.09	35.83	38.53	44.13	62.51	47.30	32.25	44.57	43.65	41.47	42.63	34.58	34.99	37.53	35.84	38.78	37.46	38.11	44.57	41.72	42.37	47.16	49.95	46.87	48.76	46.13	44.87	45.71	38.06	52.74	47.69	48.34	46.33
chr11	33840022	33873492	33470	CD59	60.17	26.83	32.58	30.76	37.34	31.34	31.23	54.75	50.35	49.90	46.37	62.43	45.50	43.17	42.28	35.80	38.47	32.67	35.99	35.39	36.88	34.95	50.04	37.87	42.90	41.05	33.53	43.42	57.68	30.98	36.37	39.03	42.24	38.34	37.07	48.60	38.67	36.10	57.79	36.48	47.09	45.34	34.54	36.38	41.03	59.62	45.49	44.43	42.56	46.86	39.68	47.36	33.00	32.03	36.00	34.95	37.62	35.51	36.02	41.66	40.54	39.76	44.54	46.83	45.17	47.16	43.68	41.08	43.00	36.89	51.50	46.08	46.32	47.36
chr11	34188758	34239614	50856	CAPRIN1	59.56	26.27	31.62	29.82	36.28	31.58	31.71	52.83	47.58	49.23	47.22	61.27	46.70	43.01	44.80	35.93	37.84	32.16	35.15	36.34	37.20	35.71	49.34	40.38	44.08	41.40	33.25	42.67	57.41	31.99	37.69	38.20	40.55	37.64	39.08	48.75	40.27	36.59	57.81	36.34	45.78	44.61	34.37	37.45	42.22	60.93	46.53	50.76	42.55	45.57	40.80	43.81	33.57	33.79	35.58	33.75	37.50	37.18	35.85	42.11	40.35	41.33	45.84	48.38	45.84	46.87	45.08	42.61	43.39	36.70	50.78	45.68	46.49	46.98
chr11	47013617	47075418	61801	LRP4	56.92	24.40	33.06	27.39	35.61	30.07	29.32	53.42	49.74	49.25	46.27	61.37	41.98	44.01	40.59	34.20	36.56	32.40	34.52	34.86	36.84	34.31	47.76	37.51	41.93	39.86	35.42	44.11	52.39	30.61	34.68	37.40	40.64	37.58	35.55	45.90	38.83	36.17	55.27	34.93	45.89	44.68	32.26	34.87	39.38	55.64	44.08	53.52	38.66	50.27	40.55	48.36	31.52	30.78	34.44	31.51	35.15	33.96	34.01	39.26	37.71	36.41	41.38	44.85	41.81	43.28	40.08	39.06	40.11	35.54	47.68	45.25	44.87	48.29
chr11	47488225	47509533	21308	MYBPC3	54.88	24.93	32.56	28.67	33.43	29.11	28.38	53.61	52.26	53.28	46.90	59.05	36.09	41.77	37.80	31.82	35.10	29.86	31.89	34.30	36.89	31.86	44.87	36.33	41.50	40.88	37.03	46.71	50.70	26.91	31.26	35.23	42.45	38.50	35.32	43.76	37.52	34.40	53.34	36.76	44.13	44.13	29.85	32.05	36.62	49.98	46.25	51.74	35.04	53.08	42.98	53.32	27.75	29.46	33.21	30.24	29.91	30.52	30.17	34.80	34.53	30.81	36.03	40.80	39.60	36.10	35.75	35.67	34.94	35.49	45.92	44.62	42.41	52.95
chr11	47597602	47608976	11374	RAPSN	54.87	23.69	32.93	26.34	34.76	27.53	26.48	53.97	50.43	48.49	45.46	60.60	38.94	38.68	36.85	33.79	33.32	30.21	33.71	32.52	36.63	31.31	47.04	34.82	40.06	38.65	34.36	42.83	50.17	26.83	33.79	34.81	39.54	37.78	35.47	43.36	36.30	33.29	56.18	33.56	40.10	42.28	31.71	30.99	36.16	50.98	44.81	51.13	35.37	50.05	42.49	49.20	27.30	28.79	32.96	30.29	30.84	32.87	31.32	34.96	34.47	32.66	36.13	41.36	36.04	35.00	37.41	35.20	36.30	33.91	45.93	41.84	40.16	49.41
chr11	47739495	47744966	5471	NDUFS3	54.22	27.70	34.13	28.59	36.02	30.59	30.62	53.05	50.72	50.29	41.43	63.13	42.82	47.22	40.35	36.44	34.93	28.89	35.71	36.68	39.16	35.30	46.14	40.17	41.67	41.24	33.30	43.89	53.59	29.45	35.59	35.24	40.09	35.93	39.87	46.89	37.35	37.15	57.12	36.12	46.25	44.56	31.87	35.62	36.86	57.26	44.41	53.77	37.41	50.85	38.93	51.62	28.55	31.93	34.61	31.87	35.82	33.27	32.26	40.71	36.59	36.76	42.12	45.39	40.72	41.64	39.52	39.31	40.86	36.57	47.65	45.65	46.79	48.45
chr11	62679680	62698954	19274	BSCL2	53.15	22.05	32.44	25.01	34.72	29.23	25.46	53.28	50.28	48.35	41.77	56.54	38.26	42.63	40.10	31.37	36.13	29.56	33.79	34.03	34.47	32.38	42.54	36.18	40.44	37.02	34.67	46.19	50.61	26.70	32.74	34.51	41.30	35.20	34.09	41.35	36.70	34.66	54.43	34.63	43.78	43.14	30.45	31.52	37.17	51.65	43.16	50.74	34.96	48.28	39.59	48.67	29.63	28.91	30.53	31.18	32.54	31.61	29.48	36.62	34.18	34.15	37.18	41.90	39.57	39.15	37.30	34.90	37.33	34.76	47.76	42.22	42.12	48.40
chr11	63613426	63661313	47887	ATL3	57.68	24.18	30.88	27.67	36.61	31.05	27.85	52.02	46.70	48.17	46.43	61.65	44.50	42.88	44.65	34.61	36.59	32.13	34.93	34.70	35.88	35.92	49.14	39.14	42.86	40.78	33.88	42.71	56.26	31.03	36.08	37.38	39.65	36.43	37.64	45.38	39.08	36.52	56.57	35.69	45.83	44.51	33.20	36.21	41.43	58.13	46.21	53.99	41.57	45.42	40.40	45.40	31.31	31.46	34.80	33.11	36.46	35.73	34.99	41.11	37.90	39.31	43.80	46.43	44.52	47.01	42.76	41.10	42.00	37.15	49.69	45.34	46.09	46.24
chr11	64739617	64754020	14403	PYGM	54.91	23.55	37.28	27.90	33.19	28.24	30.37	57.98	52.92	50.54	45.44	57.39	36.92	39.45	36.32	33.40	34.64	29.18	34.00	34.75	35.52	33.37	43.17	36.21	41.47	37.63	35.18	45.19	49.24	25.41	32.91	35.24	40.83	37.97	33.98	43.49	37.84	33.72	53.43	34.38	44.45	43.79	27.33	31.07	35.86	50.78	44.63	47.65	33.66	51.91	41.91	50.39	28.88	28.16	31.69	28.90	30.39	31.18	31.19	34.89	34.35	32.08	36.98	41.05	38.86	35.47	34.16	34.68	36.00	33.49	44.96	43.31	39.85	48.90
chr11	65174677	65205290	30613	CAPN1	55.75	24.14	33.99	28.47	34.72	30.12	28.61	53.49	49.13	49.14	45.64	59.95	39.15	40.75	38.36	33.59	34.91	30.57	33.24	34.42	35.37	33.67	46.08	37.72	40.44	39.72	35.60	44.84	53.13	28.23	32.99	36.49	42.96	37.17	37.62	45.50	38.25	34.48	53.66	34.43	44.43	43.14	31.13	32.30	38.02	53.08	43.26	52.20	35.86	49.45	41.11	48.15	30.36	29.83	31.84	32.54	32.59	33.09	30.64	37.40	35.69	35.22	41.20	43.45	40.27	38.58	38.57	36.81	37.67	34.40	46.69	43.54	42.14	50.44
chr11	65519284	65532904	13620	SCYL1	56.11	25.87	39.06	29.72	33.57	30.07	30.86	54.01	51.57	52.10	42.42	62.67	36.38	41.82	38.59	33.73	35.75	28.34	32.95	34.33	36.74	30.57	44.23	37.20	40.43	39.66	36.25	47.05	52.35	28.51	33.99	36.01	43.60	38.48	38.59	47.16	37.56	34.07	55.95	35.51	43.97	44.76	30.65	33.07	36.35	52.38	45.52	50.32	36.08	53.98	43.18	54.47	29.37	28.24	33.38	31.83	30.61	32.74	30.26	37.07	36.62	33.51	37.10	42.83	38.41	37.34	37.72	34.63	34.27	32.82	47.26	45.70	41.85	52.17
chr11	66250964	66261532	10568	KLC2	57.33	24.68	37.75	29.52	34.38	28.30	29.53	54.54	54.92	51.66	46.07	60.27	36.31	42.09	34.74	31.64	35.75	29.71	31.79	33.64	36.31	36.19	43.83	35.24	39.00	38.20	39.48	47.49	47.96	24.48	30.12	36.72	43.59	37.99	37.13	47.09	36.68	33.88	53.43	35.41	39.81	42.11	28.75	31.49	36.22	49.25	44.65	46.35	33.44	54.82	42.88	56.45	28.26	27.81	32.25	32.52	28.57	28.87	28.51	33.31	33.97	30.60	33.90	41.56	38.60	35.61	34.29	31.95	34.47	31.65	43.19	44.02	40.52	54.15
chr11	66339036	66341292	2256	B4GAT1	57.92	25.51	41.27	30.84	29.03	29.77	32.65	49.08	49.58	50.66	45.57	63.20	33.39	40.19	36.78	34.86	35.29	29.99	34.31	32.53	34.52	36.22	42.90	35.40	40.09	38.51	35.94	48.35	46.84	26.69	30.46	34.99	41.77	37.85	41.96	56.35	34.87	29.89	53.01	31.07	44.84	39.26	29.56	33.44	36.79	48.36	38.50	46.44	33.56	58.16	43.61	56.46	33.77	29.52	35.31	31.69	28.94	30.66	30.58	35.34	37.92	26.84	34.85	39.12	39.53	39.26	30.24	33.55	36.07	28.03	47.26	42.17	43.87	54.54
chr11	66559710	66564853	5143	CTSF	56.99	26.92	33.20	29.79	33.09	26.92	30.23	55.84	50.68	53.42	43.81	58.76	33.53	41.39	36.16	31.47	32.90	27.19	33.62	32.32	35.03	32.10	43.36	35.93	37.92	39.84	37.08	46.90	49.83	24.61	30.22	35.13	41.49	41.00	39.96	45.56	39.48	30.70	50.37	35.36	43.69	44.38	29.82	31.53	35.48	48.89	45.04	50.61	33.62	52.38	41.29	52.05	28.94	32.27	33.42	28.92	32.72	31.43	29.71	33.46	33.44	31.73	34.62	43.26	36.62	36.47	33.85	31.52	34.34	30.39	43.23	45.02	41.97	49.60
chr11	66678744	66725466	46722	SPTBN2	54.20	24.04	35.28	28.49	34.21	28.31	27.98	53.02	51.05	49.69	44.86	57.71	38.32	40.86	37.82	32.18	34.60	30.11	33.74	33.65	35.48	33.79	45.67	36.34	41.00	38.85	34.57	45.23	50.12	27.36	31.53	35.35	42.09	37.35	36.02	45.38	36.24	32.91	54.02	34.38	42.96	42.48	29.62	32.03	36.70	52.64	44.12	50.41	36.21	51.36	41.83	50.03	29.42	29.56	32.99	31.13	32.40	31.29	31.40	36.21	36.22	33.29	37.01	41.96	39.70	37.40	36.65	34.79	37.12	33.60	46.17	42.06	41.56	50.24
chr11	67601623	67607243	5620	NDUFV1	55.29	25.35	34.47	28.12	36.42	29.97	27.67	51.74	51.22	52.84	46.34	61.42	36.67	41.95	36.94	33.29	34.38	31.07	30.63	33.27	36.12	31.87	47.32	36.14	43.24	36.37	34.88	46.72	51.55	27.00	30.36	38.32	41.90	38.21	35.17	46.84	37.08	34.28	54.17	33.66	45.83	45.27	29.96	31.93	38.90	56.47	44.40	51.20	34.68	52.48	43.82	54.43	28.13	29.49	31.96	31.91	31.31	30.66	32.15	34.28	37.84	35.39	36.47	44.02	39.16	39.73	35.58	33.66	36.07	35.90	43.49	44.98	42.39	51.17
chr11	68034332	68040285	5953	NDUFS8	58.10	24.60	34.52	27.14	35.65	31.65	28.59	51.81	49.99	48.73	46.36	62.17	33.97	47.69	35.68	34.07	36.23	31.24	34.12	36.23	36.96	36.66	45.61	36.50	42.59	38.16	35.53	46.04	49.75	24.38	33.23	37.73	47.47	37.42	36.96	47.34	37.78	36.37	53.70	37.12	45.32	46.82	30.90	31.49	38.96	54.34	44.34	49.95	35.37	54.80	46.32	57.12	32.20	29.37	32.82	29.53	31.32	33.60	30.63	38.74	37.31	35.59	38.71	40.70	42.36	40.12	35.77	36.01	37.93	36.07	47.30	41.60	43.55	51.67
chr11	68056499	68125032	68533	CHKA	56.72	25.43	32.63	28.51	36.98	30.90	29.91	51.15	48.83	48.48	45.79	61.55	43.62	43.77	43.18	36.01	37.30	32.31	35.11	34.79	36.66	35.24	48.14	38.02	42.76	40.96	34.02	42.54	55.99	31.50	36.15	36.96	40.54	37.68	36.50	45.69	39.35	36.54	57.46	35.79	46.20	45.51	33.12	35.93	41.15	57.45	45.06	55.09	39.91	47.90	40.83	47.52	31.35	31.37	34.02	32.76	36.24	34.98	34.88	39.67	38.72	38.93	44.10	45.97	43.28	44.61	42.74	39.86	40.67	36.04	49.14	45.20	45.95	46.18
chr11	68913019	68949716	36697	IGHMBP2	54.38	23.51	33.39	27.10	35.80	31.37	28.05	53.33	49.43	48.47	45.08	58.85	40.35	43.06	40.28	33.84	35.52	29.82	34.12	34.31	36.86	35.56	46.14	36.88	41.45	40.36	34.87	45.23	52.95	28.63	33.58	36.71	40.67	37.48	36.39	44.96	37.79	34.39	55.41	35.68	45.10	43.89	31.69	33.97	38.26	53.98	43.98	51.94	36.25	49.53	41.75	49.39	29.19	31.02	34.06	31.69	34.13	32.64	34.27	37.82	38.03	36.55	40.83	44.45	40.28	40.25	38.66	36.86	38.92	35.26	46.60	44.69	43.96	48.81
chr11	72165693	72170794	5101	PHOX2A	48.68	23.30	30.80	27.63	32.17	25.44	26.09	50.47	49.95	50.38	41.32	52.58	33.25	38.64	31.83	29.09	33.76	25.97	29.46	31.95	33.77	30.74	45.69	33.63	38.39	36.12	33.61	47.31	49.14	22.01	26.28	31.39	38.58	36.63	34.49	47.07	35.23	29.02	50.24	27.57	39.32	37.07	27.05	27.29	30.68	47.17	43.52	44.60	29.10	49.08	42.33	50.67	27.10	27.84	29.57	27.38	25.77	26.19	27.18	30.02	31.83	29.35	32.23	38.41	36.46	31.77	31.12	26.99	30.98	30.73	39.64	37.82	35.14	50.79
chr11	72502657	72602659	100002	PDE2A	54.07	24.98	34.88	28.52	33.77	28.06	28.90	54.17	51.62	49.60	44.57	57.50	35.56	39.61	35.70	31.68	33.67	28.57	31.65	32.96	34.53	32.62	43.74	34.66	38.37	37.10	35.24	43.99	49.64	25.99	30.30	34.18	39.79	36.96	34.57	44.79	35.66	32.52	52.37	33.22	42.70	41.93	29.25	31.09	35.39	49.49	42.46	48.32	33.29	51.67	40.84	51.39	27.92	28.04	30.14	29.75	30.06	30.59	29.56	34.59	33.68	31.01	36.61	40.77	36.96	35.56	35.47	34.11	35.21	32.18	44.14	42.30	40.90	48.94
chr11	75698500	75731257	32757	DGAT2	55.93	25.69	33.62	30.02	35.76	29.37	29.51	52.77	50.44	50.97	45.36	59.64	38.50	42.90	40.44	33.19	36.04	30.21	33.04	33.26	34.75	33.80	46.02	35.97	40.22	39.86	36.03	44.01	51.68	28.32	33.65	36.29	41.88	36.31	35.24	46.76	36.44	32.72	53.13	35.03	44.28	42.63	31.09	32.97	36.62	52.33	43.83	52.00	35.43	50.49	41.33	48.17	29.57	30.28	32.70	29.85	33.29	32.95	32.29	36.67	35.95	34.63	39.31	42.35	40.37	39.20	38.31	37.23	37.75	33.57	47.67	43.94	43.26	49.56
chr11	85565249	85573217	7968	TMEM126B	65.93	28.10	32.06	32.10	37.94	34.39	32.96	53.47	49.90	50.15	49.08	62.06	48.20	41.95	47.68	37.25	41.87	33.51	34.61	34.62	39.31	38.93	53.09	40.42	48.17	41.20	34.88	43.26	59.91	34.24	38.10	40.74	41.04	38.67	39.47	51.19	41.40	37.46	60.59	35.85	45.46	47.43	37.51	38.55	45.48	66.31	48.25	48.20	46.87	45.19	42.98	45.91	33.93	35.67	37.93	34.52	41.22	37.10	38.26	42.24	43.29	41.61	48.52	50.69	49.31	50.51	46.37	46.12	45.86	40.07	51.61	45.63	48.57	48.02
chr11	85584643	85593220	8577	TMEM126A	62.24	27.90	31.67	32.46	39.16	33.93	31.72	54.98	52.21	52.13	46.58	64.24	46.46	44.23	47.10	37.36	37.57	33.72	37.21	36.07	40.13	36.98	51.10	42.16	45.84	40.49	34.02	43.03	57.55	33.69	39.05	39.48	40.39	37.29	38.61	50.32	41.10	37.42	57.85	34.60	46.53	47.82	35.14	40.39	45.15	64.17	46.08	46.39	45.46	44.31	41.78	43.28	32.46	34.09	36.93	36.87	39.05	39.21	39.17	44.91	43.53	44.82	48.15	51.17	48.86	50.98	47.01	43.96	44.22	37.65	51.22	49.35	45.52	46.86
chr11	86244637	86288455	43818	HIKESHI	60.37	26.76	31.51	29.40	38.24	31.85	31.65	52.09	47.03	50.14	47.57	63.66	47.19	43.72	46.14	36.83	39.35	33.31	35.49	34.83	37.85	37.48	50.41	41.16	44.89	44.02	33.58	42.82	59.35	32.08	37.80	40.10	39.67	39.69	39.31	50.29	40.45	37.36	58.61	36.40	45.98	45.84	34.23	36.90	43.77	61.62	46.40	51.50	43.39	43.41	39.88	43.16	33.46	33.12	36.86	35.31	38.20	36.97	37.32	43.18	41.39	41.74	48.17	50.02	45.66	48.80	45.85	44.80	45.14	37.71	52.50	47.99	47.45	46.60
chr11	94422611	94500884	78273	MRE11	60.82	28.39	32.72	31.65	36.74	32.63	34.29	53.51	49.45	49.95	46.66	64.16	46.96	42.12	46.46	37.87	39.11	32.56	34.22	34.82	38.50	37.41	52.16	39.93	44.75	42.56	33.80	41.75	59.05	32.18	38.77	40.48	41.11	38.06	40.42	50.51	39.28	36.91	57.20	35.90	46.14	45.17	35.80	38.22	44.34	61.59	48.25	40.56	43.30	44.41	41.00	43.54	34.00	33.96	36.44	35.54	38.98	36.67	37.68	44.17	41.02	42.47	47.19	48.12	46.47	48.31	46.38	44.55	45.12	38.40	52.15	47.09	47.65	45.95
chr11	95840304	95931520	91216	MTMR2	61.59	28.57	31.60	31.79	37.84	32.73	33.27	53.05	48.44	50.44	47.62	63.94	48.40	41.71	46.66	37.60	39.39	32.23	34.33	33.90	38.28	37.37	52.79	40.78	44.92	43.42	34.08	43.41	59.71	32.57	38.41	40.90	39.22	38.16	40.31	51.41	39.36	36.59	56.64	34.96	46.15	45.46	35.90	38.27	45.20	63.38	46.23	28.33	44.29	44.23	40.24	43.19	34.21	33.83	37.00	35.96	39.10	37.02	37.67	44.35	41.36	41.92	46.63	49.72	47.33	50.33	47.48	45.60	45.85	38.09	52.04	48.13	48.32	47.68
chr11	102713965	102727115	13150	MMP8	61.75	28.20	32.96	30.46	38.21	30.82	32.94	54.66	47.61	48.76	47.22	63.16	46.16	41.42	44.56	34.68	37.79	32.49	33.92	35.88	37.71	36.88	51.84	39.32	44.38	42.08	32.78	41.64	57.20	33.53	37.63	39.03	39.49	37.54	40.53	50.74	39.41	36.70	58.11	35.55	47.11	44.87	35.40	37.69	42.76	63.29	46.19	26.95	43.90	46.41	37.56	45.06	32.37	32.52	34.23	34.17	38.78	35.86	38.20	42.78	42.56	40.01	45.33	48.71	49.58	48.57	44.81	43.87	43.93	36.69	51.56	47.53	46.30	45.26
chr11	108230608	108376596	145988	ATM	60.76	27.49	31.32	30.53	37.42	32.77	33.01	53.33	48.56	49.48	47.61	64.63	47.88	42.14	46.92	37.13	39.04	33.41	35.28	34.83	38.07	37.78	52.17	41.00	44.47	42.93	33.54	43.02	59.32	32.08	38.02	40.67	40.97	38.63	39.90	50.39	39.84	37.43	58.09	35.88	46.09	45.32	35.87	38.39	44.13	63.39	46.41	45.71	44.38	44.63	40.95	44.03	34.25	33.53	36.29	35.04	39.15	37.54	37.59	44.20	42.10	42.54	47.18	49.51	46.01	49.67	46.59	44.39	45.64	37.37	52.87	48.18	48.20	46.30
chr11	111918807	111933984	15177	CRYAB	56.57	25.65	31.98	28.13	36.21	30.20	30.14	51.37	47.93	47.55	44.39	58.46	42.71	42.27	43.82	35.97	34.27	30.69	33.78	34.63	34.13	36.79	47.18	37.95	41.98	39.49	33.08	42.86	54.80	29.61	35.84	37.43	43.30	36.24	38.84	47.71	36.00	34.35	50.75	33.17	43.16	43.28	31.95	35.33	39.24	54.80	46.00	52.05	38.13	47.54	36.59	44.27	31.32	30.31	33.09	32.31	35.93	34.55	33.30	37.73	38.23	35.68	39.99	44.93	41.73	44.29	40.28	38.06	38.75	33.77	48.33	45.16	43.06	47.40
chr11	113420106	113485882	65776	DRD2	57.13	26.78	33.87	30.20	37.01	30.38	31.63	53.80	50.52	50.51	46.47	61.87	42.20	43.57	41.07	34.18	36.46	32.51	34.67	34.89	35.87	35.56	48.79	37.51	41.72	39.64	35.16	44.91	53.40	29.91	35.75	37.22	41.40	37.79	37.23	48.43	38.37	35.27	55.34	35.35	45.09	45.12	33.27	35.40	38.73	55.43	44.94	52.75	37.63	50.38	41.21	49.95	31.69	32.09	35.30	31.81	34.87	34.07	33.12	39.77	38.06	37.23	41.73	44.94	41.89	41.42	39.90	38.26	41.52	35.30	49.20	45.46	44.82	48.99
chr11	119088175	119102362	14187	VPS11	58.70	25.40	31.79	28.49	36.16	30.87	28.14	52.42	49.70	49.80	46.89	63.46	43.83	46.89	43.12	32.94	37.82	34.68	36.45	37.56	37.28	32.88	46.44	39.19	41.62	41.29	34.61	45.17	53.47	30.29	36.40	37.37	42.60	36.99	35.94	46.57	40.38	34.59	58.87	37.05	46.51	47.79	34.33	36.19	38.72	56.98	44.33	56.43	39.50	50.23	43.34	51.29	31.52	32.00	36.15	33.12	38.02	35.52	33.72	40.43	38.67	38.06	43.20	46.72	41.92	42.18	40.23	39.61	41.24	36.91	49.72	45.30	44.26	48.07
chr11	119116892	119122234	5342	DPAGT1	56.92	25.66	32.92	30.72	35.17	27.43	27.99	52.05	49.63	48.43	44.60	57.62	40.07	42.53	42.46	34.09	37.23	30.36	33.79	34.44	36.26	31.87	45.93	36.62	40.24	41.35	35.99	45.32	54.09	29.45	35.12	37.30	40.66	38.48	38.17	45.35	38.04	31.62	53.85	34.29	42.65	42.49	34.30	35.33	38.85	53.70	46.23	52.70	38.04	51.09	42.39	52.06	32.93	30.21	30.61	31.66	32.64	33.94	32.05	38.63	34.61	37.40	41.83	42.86	40.44	40.53	40.01	35.96	38.61	36.00	46.72	43.29	45.73	48.62
chr11	124947840	124964684	16844	HEPACAM	58.31	27.02	32.49	31.01	36.37	31.28	32.32	53.21	51.41	49.84	47.06	62.48	43.00	42.42	43.40	35.26	37.17	31.91	34.78	34.01	36.35	36.15	49.35	36.92	43.72	42.35	33.57	43.23	55.16	28.29	34.60	36.84	40.72	37.95	38.22	47.54	39.99	34.49	55.70	34.62	46.73	44.84	33.14	35.11	39.20	57.23	46.38	45.08	39.65	47.17	40.12	48.35	31.86	32.80	35.18	31.71	36.07	34.97	33.79	41.57	39.10	36.19	42.15	45.25	40.51	43.00	41.80	37.69	41.56	35.98	51.44	45.83	46.78	48.36
chr11	126298637	126309536	10899	FOXRED1	48.87	19.42	26.87	22.66	30.34	26.82	24.60	44.72	39.05	41.63	41.22	49.51	34.41	38.64	33.46	30.55	30.56	25.91	30.36	30.00	27.47	27.92	38.43	31.17	36.70	35.06	29.98	38.12	44.75	24.44	29.04	30.86	34.01	29.57	30.13	35.70	32.15	29.67	46.59	30.44	38.04	36.47	27.22	28.21	32.81	45.29	38.58	42.37	31.26	43.20	33.02	43.39	25.78	26.73	29.25	27.47	27.88	27.98	27.47	31.68	29.83	31.51	35.14	39.78	35.14	34.23	34.43	32.83	33.00	29.92	40.17	37.26	37.50	40.41
chr11	130484366	130512366	28000	ADAMTS15	55.87	25.70	32.27	27.75	35.11	28.74	30.41	53.32	49.48	48.57	45.28	58.23	40.51	41.93	38.96	33.56	35.38	30.58	34.64	34.72	35.29	34.25	47.57	37.93	41.44	39.77	34.32	44.86	52.83	28.03	33.54	36.38	41.61	37.05	38.88	46.85	39.04	35.24	53.35	34.03	43.89	44.45	30.75	33.30	37.98	54.22	44.84	52.92	36.08	50.71	39.42	49.33	31.26	31.11	34.39	31.49	32.99	33.08	32.63	38.05	36.44	35.71	39.21	42.47	39.72	40.81	38.56	36.25	38.12	34.07	45.78	44.58	43.70	49.80
chr11	134112012	134194140	82128	JAM3	59.90	27.34	32.22	29.69	37.11	31.76	32.03	52.60	49.83	49.37	46.01	63.38	45.59	42.42	43.61	36.81	38.77	32.01	34.73	34.34	37.24	36.76	50.34	39.98	43.66	41.47	33.67	43.38	57.01	32.14	37.19	38.10	40.33	37.42	38.40	49.55	39.86	36.49	56.86	35.55	45.97	45.10	34.19	37.52	41.93	60.18	45.63	46.28	41.89	47.79	39.83	46.07	32.93	33.31	35.65	34.78	37.62	36.28	36.87	42.86	40.76	39.70	44.87	47.86	44.03	46.48	43.24	41.50	42.63	37.01	50.40	46.47	46.43	48.02
chr12	748442	907208	158766	WNK1	60.60	25.99	30.38	28.90	37.23	32.41	30.34	52.41	47.96	48.92	45.05	61.78	46.69	41.58	45.29	35.76	36.73	32.34	34.94	34.15	36.72	36.28	49.41	40.31	43.55	42.70	33.76	42.75	56.52	32.20	37.55	38.80	41.48	37.80	38.81	49.22	39.79	36.68	56.92	34.53	44.13	44.08	35.15	37.89	43.35	61.64	45.64	48.03	42.20	44.85	40.52	42.70	34.14	31.51	35.54	35.06	38.06	35.39	36.60	43.09	40.95	40.74	45.56	49.05	45.59	48.67	43.77	43.74	43.04	37.61	51.59	47.18	47.65	46.12
chr12	4655953	4701144	45191	NDUFA9	61.67	27.78	32.56	30.99	38.52	32.00	33.61	53.25	49.12	51.07	47.19	63.26	48.15	42.58	46.37	37.26	38.00	32.14	35.03	35.31	38.63	36.17	51.26	39.95	45.03	42.77	33.66	43.03	58.94	33.07	37.76	40.57	41.19	38.07	39.70	51.11	40.12	37.57	56.42	35.69	46.19	46.59	35.05	38.20	43.61	60.30	47.21	38.59	42.73	45.67	41.28	44.64	34.63	33.32	36.80	34.71	37.62	36.29	36.96	43.48	42.80	41.36	46.41	50.54	46.20	47.96	45.31	43.65	44.49	36.83	52.48	47.40	48.09	47.57
chr12	4916951	4925303	8352	KCNA1	56.99	25.54	33.76	30.44	34.30	31.36	31.54	51.39	49.61	48.10	43.57	59.50	42.32	42.73	42.37	35.29	36.76	31.12	35.47	32.96	38.37	34.74	50.74	36.33	43.30	39.22	33.98	39.87	50.74	28.64	36.33	35.96	39.47	37.17	37.88	48.47	36.92	32.60	55.09	32.33	43.60	44.69	33.50	33.30	38.00	55.98	44.27	46.03	41.49	48.31	38.07	43.57	30.51	30.63	35.99	33.35	36.78	33.62	32.99	38.03	39.96	36.98	41.24	45.21	42.09	41.61	39.06	39.07	39.59	34.57	46.75	44.50	46.13	45.87
chr12	6472620	6481015	8395	VAMP1	55.20	25.82	34.89	32.55	35.68	30.42	32.08	53.97	51.46	50.82	45.39	64.88	40.15	42.93	39.09	35.14	36.11	31.35	34.67	33.50	37.44	36.39	48.12	36.18	39.95	40.24	32.62	43.54	56.16	28.86	35.51	34.95	43.13	37.36	37.67	48.24	36.23	34.75	56.56	36.30	44.87	42.19	32.76	32.37	40.65	55.79	43.39	52.11	37.04	51.92	40.50	49.11	33.19	28.66	33.04	31.20	34.13	34.40	35.21	38.40	38.68	35.08	38.74	44.73	40.64	45.07	38.54	40.18	38.66	33.24	47.25	44.44	43.54	52.83
chr12	6544872	6548727	3855	GAPDH	55.66	26.06	36.35	29.72	30.27	28.98	28.69	59.11	52.62	52.61	42.66	59.63	34.88	37.50	32.53	32.42	34.39	27.94	28.67	30.46	37.87	32.04	45.53	34.08	36.11	35.40	39.20	45.27	48.58	25.85	30.68	33.20	45.13	37.66	33.41	43.51	35.95	31.10	47.11	32.73	39.77	38.58	28.11	28.20	35.11	51.59	46.13	45.63	29.68	51.89	41.04	50.05	27.37	25.71	27.62	26.84	28.27	31.50	28.83	34.08	34.03	27.78	34.66	41.27	38.40	35.83	32.30	34.40	34.90	34.67	40.73	37.62	36.79	55.32
chr12	6580441	6617741	37300	CHD4	55.31	23.74	32.64	26.62	35.51	29.81	28.05	51.65	48.77	48.85	45.32	58.69	42.17	44.31	40.95	34.39	34.02	32.09	35.77	34.79	36.97	34.08	46.90	37.63	42.31	40.29	34.65	42.38	52.93	29.21	34.58	36.64	41.43	37.44	36.18	44.13	38.37	34.83	55.81	35.25	45.01	43.74	30.86	34.51	38.99	56.20	43.91	53.62	38.57	47.64	41.67	47.95	31.09	30.19	31.68	31.09	35.76	33.79	31.50	38.51	35.00	36.74	42.09	44.18	42.01	41.93	39.90	38.18	37.69	35.60	47.71	44.56	43.30	47.09
chr12	21316353	21349929	33576	PYROXD1	61.34	27.86	31.89	30.00	37.42	32.57	31.49	51.44	47.42	49.14	47.34	63.72	47.82	40.47	46.23	36.36	40.19	34.10	34.65	34.67	38.79	38.34	52.76	40.91	45.66	42.55	34.12	43.32	58.84	32.28	38.17	39.59	40.20	39.41	40.91	52.81	39.64	37.90	56.30	35.83	45.55	44.58	36.75	38.63	45.55	62.11	47.65	32.16	44.16	44.75	40.86	42.83	34.27	34.24	36.51	36.45	39.48	36.87	38.29	44.68	42.89	41.62	47.43	49.15	46.72	50.91	46.88	46.14	45.99	38.83	52.18	48.31	48.41	44.74
chr12	32275796	32522311	246515	FGD4	58.61	25.71	31.51	29.60	36.84	31.44	30.53	52.53	48.47	49.85	46.43	62.55	46.31	43.07	44.17	35.85	37.46	32.52	34.94	34.51	36.72	36.21	49.81	39.99	43.84	41.50	33.54	42.64	56.59	31.26	36.97	38.81	40.47	37.68	38.51	48.14	39.15	36.45	56.68	34.96	45.81	45.09	34.13	37.03	42.22	59.58	45.36	51.37	41.62	46.05	39.98	44.78	32.65	32.51	35.35	34.00	37.38	35.77	35.74	41.86	39.60	39.84	45.48	47.50	45.05	46.98	44.14	42.34	43.20	36.54	50.94	46.02	46.19	47.21
chr12	39243101	39393006	149905	KIF21A	61.67	27.66	31.27	30.36	38.38	33.15	32.24	53.38	48.18	49.51	47.53	64.57	48.69	41.67	45.84	37.90	39.27	32.83	34.74	34.49	38.04	38.46	53.52	40.33	45.48	43.44	33.19	42.49	60.63	33.03	38.15	40.94	41.42	38.02	39.96	51.34	40.01	37.80	57.04	35.56	45.27	44.90	35.74	38.59	44.54	63.23	47.11	37.00	44.18	43.74	40.33	42.04	33.95	34.90	37.51	35.85	39.18	37.29	37.37	43.67	42.05	41.83	46.71	50.52	47.20	49.26	46.99	45.07	46.39	38.20	52.99	48.27	48.73	45.97
chr12	40177354	40321422	144068	LRRK2	62.16	29.05	31.36	31.71	37.64	33.36	33.82	54.02	47.96	49.84	48.25	63.62	48.53	41.14	46.23	38.08	39.20	32.07	34.56	34.15	37.81	37.91	52.97	41.83	45.27	43.52	33.44	42.48	61.13	33.70	38.76	40.98	40.67	38.11	41.08	52.29	39.39	37.40	56.51	35.10	45.49	45.13	36.17	38.84	45.43	64.27	46.98	28.04	44.84	42.72	41.74	41.15	34.59	34.45	37.52	36.44	38.50	37.24	38.66	45.04	42.11	42.62	47.40	50.67	46.37	49.43	47.08	45.64	46.12	37.60	53.04	47.71	48.50	46.50
chr12	40652131	41031590	379459	CNTN1	62.08	28.81	31.50	31.18	38.01	33.03	33.34	53.39	48.44	50.17	47.85	64.96	48.77	40.87	46.52	38.10	39.58	32.51	34.45	34.10	38.41	38.19	53.61	40.96	45.10	43.36	33.23	42.37	61.08	33.13	38.80	40.93	40.67	38.57	40.68	51.85	39.58	37.37	57.14	35.65	45.62	45.29	36.22	38.67	45.03	62.92	47.14	29.01	45.00	43.21	41.17	41.77	34.50	35.63	37.34	36.17	38.60	37.57	38.18	45.06	42.10	41.79	47.48	49.67	47.12	49.40	46.86	44.94	46.43	38.49	52.89	47.89	48.41	46.30
chr12	48066689	48107749	41060	PFKM	57.57	26.95	31.12	30.07	34.98	30.32	31.50	49.70	47.42	46.97	45.67	61.26	42.55	42.72	41.87	34.48	37.64	31.80	35.61	34.18	35.50	35.99	49.10	38.17	42.46	40.38	34.12	43.00	54.14	31.66	35.91	38.26	40.60	36.92	37.23	48.03	39.16	35.34	55.74	34.66	44.87	43.88	33.16	35.87	39.79	56.11	44.25	43.85	39.49	47.79	40.04	45.59	31.35	31.94	34.43	32.56	36.28	35.13	34.77	40.87	38.64	37.33	43.09	44.72	41.48	44.59	41.33	40.03	40.90	36.27	48.91	44.47	43.87	45.99
chr12	48728220	48752002	23782	ADCY6	53.89	24.37	33.15	27.53	33.37	29.82	28.74	53.06	48.29	51.91	43.64	57.56	37.22	40.84	35.30	31.85	32.31	28.80	33.82	32.77	35.31	34.56	44.78	35.93	41.03	38.79	35.76	44.17	48.92	26.97	30.80	34.41	40.86	36.98	35.66	46.22	37.40	32.82	51.95	33.44	43.42	43.52	29.70	31.02	36.73	50.07	43.01	48.96	34.25	50.85	40.37	49.26	28.08	28.60	32.10	28.71	30.69	30.05	30.68	33.79	34.91	32.78	36.33	41.23	37.82	36.97	35.81	34.73	35.63	33.98	45.32	42.75	40.12	50.63
chr12	49257337	49260877	3540	PRPH	54.72	25.31	37.78	31.46	44.43	26.36	30.04	56.30	51.78	49.68	47.68	58.50	35.30	31.67	37.89	35.08	35.39	31.21	31.98	32.40	37.65	37.74	44.19	35.24	45.33	38.08	38.57	49.14	49.19	22.89	28.69	36.81	44.35	39.96	37.82	49.07	39.80	31.35	53.14	34.66	43.58	44.51	26.23	28.70	34.02	52.81	46.57	46.36	30.49	54.64	47.25	53.62	30.73	30.20	33.60	30.60	31.38	27.77	28.06	37.64	36.95	29.04	35.54	39.43	40.09	34.59	30.55	31.25	33.50	30.25	42.81	40.41	39.76	51.68
chr12	50075317	50083543	8226	COX14	56.53	21.09	27.18	23.48	37.20	28.69	23.24	48.71	46.30	51.15	44.58	62.83	38.08	48.18	43.61	31.96	34.58	32.71	36.27	35.19	35.04	35.50	46.74	36.53	41.99	37.59	33.59	44.58	51.34	29.53	35.29	37.40	43.17	37.57	36.15	41.24	40.50	37.26	58.21	38.12	48.25	44.82	33.33	36.38	38.37	53.03	45.00	52.78	38.98	48.01	39.62	50.95	30.66	29.03	32.53	30.11	34.01	34.13	32.12	38.49	37.41	35.16	39.33	44.29	40.90	41.08	39.85	39.09	38.55	36.96	46.50	45.68	43.93	45.31
chr12	54247302	54253664	6362	HNRNPA1	58.23	27.83	35.51	32.05	37.74	32.46	34.06	50.25	47.30	50.13	50.06	61.80	45.24	41.42	48.23	37.25	39.67	30.86	30.55	35.56	34.22	33.81	50.39	39.16	44.82	43.04	31.92	43.30	54.75	31.72	36.64	38.49	40.86	35.40	36.96	51.34	38.48	36.54	54.57	34.94	44.28	44.88	37.33	37.56	39.58	56.27	49.13	46.50	41.01	48.36	39.19	45.48	34.51	32.61	35.38	34.05	36.39	36.05	36.26	42.51	40.96	39.25	45.98	48.01	44.33	48.18	44.13	43.16	42.30	36.10	51.70	47.13	47.08	42.99
chr12	55651196	55679044	27848	ITGA7	54.48	24.78	34.07	28.56	36.34	28.46	29.62	54.21	51.17	50.08	45.11	59.44	38.52	40.78	39.19	31.74	34.42	29.45	32.27	33.84	35.57	33.31	44.28	36.80	39.75	38.99	35.99	43.33	51.33	27.35	31.84	34.86	40.18	37.00	35.05	45.29	36.62	32.76	53.17	34.14	44.42	43.69	30.49	32.50	36.78	52.17	44.24	50.09	35.58	49.41	41.36	49.52	29.22	29.53	32.35	30.13	31.44	31.76	31.58	36.53	35.28	33.73	38.79	43.16	39.18	38.38	37.85	36.01	36.00	34.59	45.40	44.43	42.71	50.00
chr12	56047557	56071109	23552	ERBB3	55.44	21.96	31.26	24.76	34.01	28.41	26.86	50.58	46.49	47.38	43.66	58.82	39.76	40.52	39.35	32.55	33.37	29.24	32.68	34.48	34.33	31.44	44.53	35.92	39.46	37.65	32.87	41.08	50.90	28.70	33.68	34.91	40.99	35.89	34.70	42.13	37.05	33.75	53.92	34.48	43.49	42.76	29.81	32.01	36.92	51.42	43.84	50.78	35.98	47.66	39.17	46.64	30.17	27.80	31.56	30.50	33.82	32.33	31.06	37.72	34.43	34.09	39.27	43.42	38.65	39.13	38.21	36.42	36.64	34.31	46.09	42.84	43.88	47.27
chr12	57211694	57219414	7720	STAC3	51.51	22.42	32.23	24.87	32.57	28.10	25.61	52.01	49.12	47.20	41.54	55.24	36.69	42.61	35.05	31.59	32.53	28.07	34.88	31.74	32.37	30.50	40.07	35.67	36.72	37.34	33.37	44.67	49.79	24.26	30.77	33.69	38.11	37.67	33.05	38.52	36.99	30.89	51.98	31.16	44.28	40.58	27.34	32.41	35.02	50.84	41.26	51.27	35.21	48.75	37.37	44.96	28.76	30.39	28.75	27.84	32.59	31.47	29.33	34.36	32.29	30.52	36.47	41.13	36.09	37.00	35.25	34.55	32.98	32.15	44.32	40.68	41.62	46.35
chr12	57456359	57484880	28521	MARS1	55.76	20.96	30.82	25.73	34.53	28.93	26.23	48.82	48.31	47.37	44.65	59.21	40.87	41.78	39.10	33.48	35.39	29.58	33.75	35.08	34.80	32.37	45.27	36.31	40.93	37.89	33.33	41.75	51.26	28.92	34.35	35.53	40.73	35.34	34.83	43.75	37.51	34.82	52.70	34.58	44.01	41.54	31.49	34.76	37.99	53.05	43.02	51.34	36.73	47.22	41.52	47.91	30.29	30.05	31.84	31.29	32.98	33.19	31.66	36.47	36.11	35.55	39.72	41.86	40.08	41.82	40.78	37.64	36.86	34.95	45.70	43.70	41.59	45.62
chr12	57518282	57554872	36590	KIF5A	54.51	24.03	32.30	27.93	33.96	28.76	28.46	51.02	48.07	48.85	43.31	60.05	41.01	40.79	40.02	33.85	34.90	29.67	33.10	32.73	34.59	32.43	45.24	36.37	40.64	38.50	33.93	42.53	51.67	29.15	33.09	35.37	39.42	37.12	34.92	44.28	36.60	34.14	53.16	34.10	43.70	43.02	31.08	33.68	38.01	52.56	42.82	51.13	37.69	47.88	38.40	46.26	29.49	29.34	31.70	31.55	33.37	32.62	32.14	36.91	36.58	34.89	40.24	43.62	40.19	40.13	39.23	36.31	39.00	34.12	47.99	44.01	42.33	46.57
chr12	57591627	57601420	9793	B4GALNT1	57.33	27.93	34.69	30.48	34.30	28.48	29.10	60.51	53.55	53.04	48.48	59.38	36.68	40.47	36.57	33.03	33.18	30.02	34.67	32.62	34.40	35.62	47.69	36.52	42.47	39.81	35.18	46.70	50.16	26.75	31.53	36.09	41.50	37.44	36.36	46.37	36.84	34.07	54.32	33.45	44.27	43.65	29.77	31.56	35.75	51.85	46.96	47.54	34.04	51.09	44.84	50.32	29.53	29.19	33.32	29.83	31.68	31.52	29.86	36.40	35.56	32.72	37.91	41.40	40.23	39.49	36.89	34.23	34.55	34.46	44.77	45.95	41.92	49.53
chr12	57751154	57771225	20071	TSFM	60.57	25.92	33.44	27.82	37.32	32.00	29.71	53.86	48.95	50.38	47.27	64.45	45.03	45.60	43.15	36.50	38.20	32.00	37.21	36.52	37.09	36.66	49.35	40.44	43.61	42.50	34.94	42.15	55.74	31.49	36.62	39.26	41.18	37.52	38.20	47.40	39.82	39.30	60.06	37.60	48.57	47.63	33.64	36.83	42.34	57.63	47.33	58.01	42.64	48.55	40.24	48.13	32.19	33.83	35.94	32.71	38.98	36.21	36.93	43.08	39.44	40.35	46.75	48.84	45.42	46.49	42.77	40.90	42.45	35.97	50.17	46.74	46.64	47.66
chr12	63758616	63788268	29652	RXYLT1	63.40	27.88	31.55	30.62	38.60	33.26	31.81	53.81	49.29	50.78	47.89	64.84	47.28	43.05	46.23	37.40	38.86	32.99	36.31	34.54	38.97	38.35	51.26	40.17	45.19	41.57	33.26	43.21	59.39	32.97	38.39	40.35	40.51	38.90	40.14	51.28	39.86	36.40	55.68	35.50	46.17	45.95	36.32	37.44	44.53	63.23	45.83	51.49	45.39	45.01	40.88	44.41	33.50	34.76	37.71	35.53	38.72	37.15	36.88	42.95	41.50	40.94	46.49	49.53	47.40	48.97	46.36	43.96	44.57	39.25	52.33	47.33	46.47	46.52
chr12	64430746	64480735	49989	TBK1	61.16	26.63	31.06	30.21	37.40	31.63	30.93	51.72	48.34	49.63	47.57	64.53	48.02	42.19	46.44	36.31	38.41	32.09	34.29	34.61	37.43	36.31	50.97	40.62	43.46	43.11	33.14	42.80	60.07	31.04	38.46	39.74	39.95	37.90	39.76	48.50	40.68	37.45	56.60	35.37	45.44	46.06	35.83	38.16	43.86	62.46	47.10	48.24	43.33	43.85	40.15	42.64	33.09	32.89	36.10	34.32	38.28	37.11	37.56	43.52	41.66	40.56	46.38	49.61	46.25	49.25	46.51	43.90	45.94	38.04	52.03	46.95	47.52	45.93
chr12	80686340	80688181	1841	MYF6	51.54	24.11	31.33	33.18	36.55	32.96	30.02	54.69	49.04	49.71	47.74	62.90	42.24	39.23	38.39	34.60	38.27	31.03	31.39	33.34	35.94	36.17	46.20	37.71	46.43	39.40	41.76	40.27	49.85	26.38	33.92	36.72	43.93	40.01	37.27	46.44	39.11	31.85	54.16	36.88	40.95	45.41	34.45	30.32	35.28	53.14	42.46	46.80	34.09	45.72	38.67	42.10	36.90	30.81	34.60	28.19	33.36	32.88	29.07	39.10	36.87	33.00	36.71	41.24	38.97	40.58	38.06	39.86	34.95	32.08	48.59	36.24	43.32	54.53
chr12	94952012	94984403	32391	NDUFA12	57.97	24.82	31.22	28.18	36.32	30.87	29.37	52.58	47.10	48.87	46.93	62.66	44.91	41.91	44.05	35.78	37.48	31.40	33.73	34.51	36.69	36.25	47.76	38.72	42.96	39.81	33.22	41.93	55.22	31.01	36.30	37.31	38.18	35.52	37.64	47.03	38.53	36.98	55.67	34.96	44.69	44.01	33.72	36.51	41.40	58.82	45.59	47.89	41.46	44.27	38.83	43.30	31.09	32.56	34.04	33.56	36.80	36.48	34.21	40.40	38.94	38.93	44.22	46.99	44.26	46.17	43.96	40.68	42.82	36.81	49.69	45.13	43.85	45.68
chr12	100228402	100303144	74742	SCYL2	60.05	27.52	32.26	30.24	36.69	32.78	32.62	52.77	48.44	49.45	47.13	63.61	47.69	41.95	45.71	36.86	38.35	31.63	34.90	34.04	38.18	37.55	51.46	40.57	45.55	42.53	33.55	42.68	58.47	32.23	37.30	40.49	40.70	38.05	40.35	50.15	39.33	36.94	57.06	35.76	45.13	44.65	34.78	38.38	44.06	61.64	46.56	45.32	43.67	44.99	41.31	44.33	33.77	33.34	35.74	35.97	37.69	36.70	37.10	43.70	42.01	41.63	46.84	49.18	45.70	48.37	45.98	44.07	45.29	37.59	51.86	48.13	47.47	47.04
chr12	101556081	101647245	91164	MYBPC1	60.44	27.57	31.44	31.09	37.09	31.76	33.21	53.33	49.66	49.70	47.66	64.58	48.33	42.19	44.91	35.61	38.02	32.72	35.63	34.60	38.21	37.02	51.63	40.37	44.46	42.89	33.77	41.80	58.48	32.00	37.81	40.11	40.46	38.69	39.11	50.46	39.75	36.99	57.07	34.77	45.23	44.84	35.65	38.12	43.38	60.59	46.59	45.13	43.43	44.45	40.05	43.42	33.76	33.69	36.71	35.31	38.70	37.46	36.64	44.06	40.61	41.06	46.57	48.81	46.60	48.65	45.11	43.58	45.42	37.65	52.70	46.99	47.88	46.40
chr12	105069549	105130947	61398	WASHC4	62.04	28.96	32.74	32.15	37.83	33.31	34.63	53.64	49.05	49.27	49.16	64.32	49.27	41.52	47.75	37.63	40.58	33.08	36.19	34.63	39.17	39.02	54.95	40.99	46.18	44.01	33.71	42.75	60.89	33.94	38.99	41.61	40.82	38.68	41.49	52.08	40.07	37.73	58.53	35.86	45.75	46.23	36.08	38.61	46.50	64.45	47.94	35.06	44.64	43.36	41.52	42.58	34.95	35.59	37.86	35.88	40.20	37.79	37.87	46.11	42.42	42.35	47.78	51.28	48.85	52.13	47.76	46.48	46.07	38.78	53.60	48.17	49.90	46.99
chr12	106321060	106473832	152772	POLR3B	60.10	26.97	31.89	30.76	37.03	32.34	31.87	53.11	48.72	49.50	47.39	63.21	46.55	42.73	45.11	36.69	38.53	32.43	35.11	34.57	36.80	37.34	50.90	39.54	43.99	41.84	33.54	42.74	57.59	32.01	37.59	39.64	40.98	38.20	39.83	49.36	39.14	36.58	57.42	35.22	46.14	45.00	35.36	37.54	42.57	60.78	47.28	43.53	42.80	46.43	41.65	45.57	33.65	34.22	36.61	35.20	37.98	36.15	36.28	43.62	40.61	41.10	46.65	48.02	45.35	49.42	44.76	42.81	43.98	37.53	51.91	47.19	47.30	46.05
chr12	108530830	108538753	7923	ISCU	60.57	30.12	35.61	33.02	35.13	33.11	33.29	54.12	52.17	54.28	45.91	64.49	43.45	41.68	44.88	36.81	37.90	34.43	37.84	36.50	40.84	37.74	49.03	38.99	43.79	44.07	35.91	44.52	56.67	32.42	37.61	40.17	42.75	37.24	39.98	52.24	38.93	33.70	56.19	36.01	45.42	44.49	34.85	36.30	40.27	59.75	47.94	50.32	42.92	52.83	43.07	47.96	33.59	32.85	35.51	34.37	37.55	37.99	35.29	44.61	40.07	38.22	45.25	46.28	43.17	45.59	41.53	39.21	41.52	36.11	49.88	44.29	46.90	49.12
chr12	109758558	109808862	50304	TRPV4	54.35	24.38	32.65	28.39	34.21	29.20	28.72	52.17	48.99	48.88	43.93	58.86	37.67	41.53	38.10	32.93	33.52	29.81	33.15	32.80	34.64	32.75	44.80	36.26	40.62	37.81	34.62	45.41	49.60	26.20	32.01	34.75	40.42	34.90	34.97	44.29	38.28	33.36	54.37	33.73	42.95	42.49	29.15	31.90	36.47	50.27	42.27	50.76	34.96	49.57	39.35	49.91	28.81	28.47	31.38	30.28	32.01	32.17	29.48	35.64	34.52	32.40	37.31	42.15	39.10	37.94	37.32	35.50	36.47	33.19	46.09	42.23	41.78	48.70
chr12	110258257	110328744	70487	ATP2A2	58.42	25.57	32.23	29.36	36.41	30.95	30.86	52.02	49.09	48.92	45.86	62.60	45.01	43.81	44.03	36.00	36.60	32.40	34.81	35.01	37.04	35.63	49.11	38.68	43.25	41.38	33.50	42.75	54.85	30.23	35.55	37.49	40.97	36.01	37.69	46.57	38.22	36.43	56.72	34.78	44.50	44.67	33.17	36.59	42.23	57.37	45.19	52.76	40.29	47.01	40.96	46.41	32.87	31.69	34.66	33.80	36.71	35.15	35.11	41.56	38.92	38.71	43.87	46.38	43.73	46.21	42.55	41.18	40.91	36.48	49.21	45.94	45.42	47.78
chr12	110890027	110900632	10605	MYL2	56.08	28.91	33.89	31.42	37.08	30.05	32.28	51.05	49.41	52.33	47.79	62.29	43.26	42.43	41.33	33.55	36.23	33.74	34.59	38.58	36.01	35.77	49.10	39.24	42.67	40.97	35.52	42.37	52.45	30.21	34.80	36.43	40.50	39.89	38.63	46.50	36.34	38.93	58.57	35.83	44.49	46.97	32.27	36.03	37.55	56.13	44.65	56.56	38.67	47.83	38.99	46.51	32.04	29.75	35.29	33.47	38.00	36.76	33.98	42.91	38.71	37.15	42.14	44.82	43.13	42.91	41.51	40.42	41.18	36.06	51.78	45.62	44.32	49.61
chr12	119166358	119182179	15821	HSPB8	60.19	26.45	32.90	29.22	35.54	30.26	30.83	53.51	48.80	51.22	48.38	63.57	42.69	43.20	41.08	35.09	36.20	32.38	34.62	34.95	34.97	35.80	49.58	38.46	40.28	39.69	33.88	44.18	55.02	30.52	34.91	37.36	42.05	36.50	37.52	45.59	38.74	35.93	55.83	35.53	44.35	45.43	33.00	34.47	39.39	57.50	44.18	52.73	40.10	49.54	39.19	48.53	30.79	32.83	36.17	33.08	35.73	34.81	33.67	40.21	38.17	37.05	42.98	44.44	43.81	42.27	40.94	38.90	41.01	34.96	47.21	44.86	44.54	48.92
chr12	120426034	120428652	2618	COX6A1	60.44	27.24	32.71	28.30	37.04	30.45	28.80	48.65	50.79	54.93	44.54	60.87	41.56	42.85	39.79	33.45	38.11	34.22	32.16	34.91	34.30	34.28	50.88	35.84	45.49	43.31	31.17	41.31	51.34	27.44	31.50	40.12	45.02	36.14	37.22	48.28	41.43	35.58	61.89	35.84	46.26	45.33	29.37	36.04	36.27	64.09	41.90	55.79	37.78	46.93	43.14	55.50	31.29	28.55	33.88	29.72	34.01	33.47	33.00	39.51	35.75	35.09	42.49	44.17	38.65	44.91	41.85	38.12	41.31	38.35	47.46	45.54	45.16	51.15
chr12	120492450	120518340	25890	COQ5	54.52	21.99	30.60	25.01	34.72	28.31	25.80	50.54	47.32	48.08	42.54	57.39	41.20	41.83	41.16	33.26	34.79	30.92	33.19	33.33	35.18	31.33	43.60	36.58	41.18	38.22	33.54	41.86	51.43	28.48	34.38	35.45	38.05	34.70	33.33	41.47	38.42	36.00	53.86	33.60	42.92	43.59	30.54	33.17	36.98	52.04	41.62	53.16	38.20	46.02	37.89	45.43	30.69	29.86	32.45	29.63	34.32	32.91	31.55	36.96	36.29	35.82	41.29	42.64	40.06	41.65	39.28	36.11	37.77	35.09	45.58	43.05	41.28	45.18
chr12	120714963	120729131	14168	ACADS	54.85	23.82	30.59	26.15	33.84	28.13	26.44	53.19	50.15	49.57	43.97	59.47	37.86	42.29	38.07	32.50	35.57	29.59	34.75	32.58	36.16	32.40	43.18	35.09	39.83	37.21	37.49	43.65	50.05	27.88	31.82	33.27	42.33	37.73	37.63	44.52	36.38	33.80	52.79	36.38	43.20	42.74	30.57	32.16	35.99	51.45	44.45	48.44	33.92	51.53	41.60	53.27	29.60	29.57	32.78	31.13	32.10	31.24	30.28	35.45	35.69	31.64	37.59	39.75	40.36	37.65	34.79	35.05	36.79	33.75	45.75	42.74	43.39	48.38
chr12	121619724	121636322	16598	ORAI1	54.38	24.90	33.84	28.34	34.08	28.63	27.95	53.84	49.51	48.59	45.52	60.27	38.78	42.62	39.33	33.29	34.59	30.00	34.40	35.05	38.07	32.66	44.46	35.74	41.71	41.19	36.02	43.24	50.63	27.81	31.70	35.45	41.89	36.34	35.63	43.22	37.61	34.56	56.17	34.36	45.74	45.21	29.96	32.72	37.21	52.18	42.67	50.78	36.65	49.40	41.62	49.99	29.67	29.62	30.02	32.13	32.17	33.30	31.84	36.41	36.58	35.72	37.93	41.48	39.14	39.69	37.93	37.00	37.17	33.36	44.83	43.86	41.78	50.51
chr12	123229988	123254487	24499	MTRFR	53.83	23.76	33.11	26.85	36.05	31.43	28.03	51.49	48.08	49.48	43.76	60.50	42.68	43.61	41.54	32.96	35.81	30.94	35.54	34.37	35.74	33.87	46.18	37.84	42.84	40.41	34.16	42.54	52.07	29.29	33.95	37.06	41.17	36.94	34.45	44.41	37.37	34.46	55.52	35.23	44.83	43.83	30.91	34.30	37.89	53.95	43.99	53.27	38.14	45.11	40.43	45.71	30.73	31.16	33.52	30.69	35.28	33.38	32.83	39.10	37.26	36.93	40.00	44.10	42.46	41.61	42.55	38.38	38.33	34.40	46.93	45.26	42.66	46.13
chr12	123619271	123632550	13279	EIF2B1	58.26	25.86	33.10	30.36	35.70	30.23	28.53	52.32	48.31	49.82	46.38	62.53	42.90	44.34	42.49	34.93	37.54	33.26	35.35	34.92	35.32	34.28	48.35	38.41	43.68	38.51	34.11	45.26	55.09	30.67	36.17	37.48	41.45	37.35	36.72	45.01	39.52	35.98	58.50	35.55	45.10	44.43	32.53	35.92	38.54	54.50	45.47	55.98	37.56	46.90	40.35	47.42	32.25	32.44	35.79	31.78	37.93	33.52	34.97	39.88	37.37	39.01	44.47	46.39	42.96	43.63	42.03	39.21	39.65	37.37	51.80	45.74	43.34	47.85
chr12	131977319	131993946	16627	PUS1	55.80	24.78	36.57	26.75	36.80	29.83	27.34	53.70	50.73	51.38	47.29	62.60	41.37	44.75	41.16	34.24	36.18	31.17	35.21	33.62	36.09	33.16	48.26	37.82	41.48	40.43	35.69	45.24	51.77	27.57	33.93	38.88	43.52	39.38	37.27	46.13	39.39	36.46	57.60	37.68	47.19	45.04	31.14	32.74	39.15	53.84	46.10	56.37	37.17	52.10	42.74	52.97	31.53	31.35	33.15	31.73	33.37	34.44	31.92	39.38	37.59	36.53	41.17	44.77	42.73	40.08	39.77	36.77	38.00	35.26	46.94	45.59	44.40	48.78
chr13	20687025	20798493	111468	MICU2	60.25	27.08	31.68	29.99	37.46	32.11	32.03	52.75	48.38	49.16	47.64	63.37	46.71	42.87	45.04	36.23	38.38	32.32	34.71	35.00	38.18	36.98	51.24	40.97	44.53	41.94	34.28	41.96	59.20	32.47	38.03	40.00	41.04	38.35	39.31	49.63	39.84	36.81	57.20	35.14	45.65	45.25	34.75	38.88	43.78	62.17	46.02	45.85	43.46	45.39	40.76	44.25	33.90	33.93	36.29	34.91	38.41	36.60	36.94	43.73	41.18	40.64	45.70	49.30	46.24	48.57	45.21	43.75	44.73	38.20	51.93	47.43	47.30	46.27
chr13	22367301	22531974	164673	SGCG	60.62	28.10	32.07	30.42	37.33	32.03	32.53	53.70	49.15	49.25	48.03	63.67	47.17	42.65	46.02	36.73	38.39	32.41	34.86	34.28	37.73	37.16	51.84	39.72	44.03	42.45	34.08	43.65	57.96	31.67	38.07	39.62	39.85	38.14	40.09	49.59	39.67	37.54	57.10	35.88	45.99	45.21	35.19	37.54	43.02	60.84	46.94	49.48	43.01	44.89	40.25	43.34	33.33	34.62	37.06	34.92	38.11	36.44	36.74	43.60	40.84	41.45	46.87	49.04	45.79	47.63	45.57	43.40	44.24	37.92	51.47	47.56	47.29	46.75
chr13	22535641	22640511	104870	SACS	59.61	27.10	32.86	29.98	36.84	31.86	32.20	53.17	48.97	49.54	46.52	62.72	46.62	42.37	44.18	36.37	38.46	32.85	35.00	34.28	37.86	37.28	50.97	39.97	43.76	42.13	34.13	43.68	57.39	31.31	36.53	39.81	40.73	37.93	39.32	49.36	39.32	36.99	57.91	35.97	45.77	45.19	34.60	37.05	42.90	59.85	45.47	47.41	42.24	46.50	40.62	45.49	33.28	33.76	35.79	34.09	37.38	36.29	36.19	42.43	39.79	40.05	46.21	47.80	44.98	47.62	44.43	43.01	43.75	36.91	51.07	46.14	45.72	47.80
chr13	24581609	25239722	658113	ATP8A2	59.18	27.29	32.55	30.13	36.67	31.70	31.88	53.43	48.89	49.40	46.53	62.73	45.79	42.77	44.20	36.01	37.87	32.41	34.99	34.55	37.10	36.75	50.42	39.37	43.43	41.62	33.94	43.22	56.58	31.76	36.86	38.93	40.23	37.87	38.71	49.28	38.97	36.32	56.98	35.43	45.36	45.16	34.71	37.07	42.00	59.17	46.12	48.07	41.80	46.95	40.41	45.84	32.75	33.76	36.30	34.57	37.30	36.53	36.41	42.47	40.22	40.10	45.42	47.81	44.58	46.47	44.09	41.90	42.78	37.04	50.95	46.61	46.43	46.68
chr13	35521138	35589682	68544	SPART	60.92	28.07	32.57	31.31	37.33	32.96	32.16	53.24	48.88	50.13	47.55	64.26	47.71	43.11	45.38	37.17	37.97	33.26	35.35	34.22	37.15	37.47	52.70	40.92	43.77	42.88	33.76	42.68	58.61	31.73	37.82	40.55	40.78	37.71	39.83	50.11	39.74	36.85	57.16	35.39	46.91	46.38	35.70	38.80	43.59	61.43	46.75	42.56	43.37	46.00	40.91	43.80	33.14	33.66	36.25	35.28	38.26	37.51	36.85	42.80	41.08	39.98	46.16	49.62	45.45	49.00	46.42	43.63	45.34	38.36	52.36	47.32	47.10	46.76
chr13	36219981	36228811	8830	EXOSC8	61.14	27.53	31.88	29.77	40.00	32.73	32.12	54.68	49.74	51.66	49.76	64.92	52.37	42.50	48.70	37.93	42.33	31.68	34.18	33.46	36.57	39.32	51.30	41.99	43.85	44.78	32.69	42.74	60.08	33.10	38.11	43.29	43.13	40.75	39.71	52.85	40.31	36.73	58.81	34.00	47.85	46.11	35.44	38.01	45.47	61.95	46.96	48.30	46.40	46.43	40.57	46.80	35.20	36.57	36.94	36.65	39.48	38.87	38.27	46.69	41.99	42.36	49.15	50.47	45.51	49.64	45.96	45.08	44.84	39.38	51.40	51.04	45.38	48.75
chr13	37569504	37583274	13770	UFM1	63.15	27.39	29.77	30.50	38.30	33.55	32.93	51.72	48.57	50.99	47.48	65.42	51.27	39.20	46.43	38.65	40.28	32.59	33.51	33.93	39.77	39.89	55.29	44.49	47.73	45.08	33.21	43.04	60.18	33.46	40.31	41.37	41.06	38.94	42.90	51.99	40.66	37.79	56.09	34.92	45.52	47.34	37.48	40.89	45.68	65.87	51.72	25.80	46.68	43.42	42.55	40.32	36.20	34.18	37.17	37.14	40.62	37.76	38.26	46.76	43.66	44.58	47.18	52.34	46.87	52.50	48.19	49.45	48.63	39.04	52.88	49.82	51.50	44.96
chr13	47163054	47221676	58622	SUCLA2	60.87	26.11	31.36	28.78	37.14	32.26	31.51	52.89	48.53	48.51	46.99	63.59	48.10	42.10	45.22	37.54	39.37	31.87	34.61	34.83	37.41	37.72	51.24	41.05	44.30	42.67	33.05	42.17	58.28	33.04	37.03	40.48	40.48	38.72	38.73	48.90	39.37	37.04	57.18	36.09	45.60	45.51	34.40	37.05	43.20	61.45	47.18	47.47	43.56	43.78	41.39	42.70	33.83	34.10	36.83	35.07	37.69	36.31	36.66	43.78	40.97	41.30	47.23	48.79	45.94	48.53	46.69	43.40	44.24	37.85	51.06	47.73	47.19	45.55
chr13	47453539	47490689	37150	ITM2B	61.18	28.98	32.93	32.24	35.90	32.12	34.11	51.87	48.82	50.73	45.98	63.17	48.17	40.84	45.12	36.22	38.60	30.72	34.45	34.60	37.84	37.96	52.18	40.59	45.02	42.90	34.35	42.35	59.70	32.54	37.65	39.44	42.10	38.55	40.21	51.29	39.18	36.76	54.84	35.67	45.30	44.38	36.39	39.10	44.70	60.60	47.74	38.85	44.08	44.66	40.71	44.17	34.22	33.02	35.17	34.66	38.54	35.79	36.60	44.33	41.26	41.71	46.87	48.98	46.88	49.74	45.78	44.87	45.18	37.92	51.17	47.95	46.68	46.62
chr13	48918229	49011561	93332	KPNA3	61.18	26.01	31.05	29.27	37.53	32.18	31.60	52.55	48.05	48.83	47.86	63.14	47.06	42.42	45.65	37.08	39.20	32.88	35.40	33.94	37.83	36.91	50.77	41.25	45.34	43.63	33.82	41.94	58.27	32.12	37.96	39.10	40.16	38.78	39.71	48.47	39.78	36.51	56.15	35.58	45.83	45.86	35.05	38.81	43.72	61.84	45.91	50.78	42.95	44.59	41.25	44.71	33.72	34.26	36.04	33.94	37.84	35.95	37.13	43.56	41.31	41.52	45.54	49.02	46.68	49.28	45.40	43.18	44.01	37.68	50.85	46.26	47.84	45.97
chr13	50124629	50185409	60780	RNASEH2B	60.93	28.13	32.67	32.12	36.88	32.11	33.95	52.55	49.30	50.70	47.96	63.22	48.42	41.14	45.93	36.12	38.95	33.03	34.58	34.28	38.26	38.15	52.29	40.83	45.02	44.10	34.71	42.24	60.29	33.57	37.82	37.76	41.12	38.15	39.64	52.16	38.98	37.44	56.68	36.08	46.03	45.87	36.23	38.34	43.34	61.65	47.38	38.31	44.47	45.29	40.24	44.86	34.53	33.78	36.88	35.28	38.78	36.62	38.25	43.69	42.36	40.68	47.15	50.05	46.33	48.08	46.22	44.58	44.80	37.55	52.22	47.61	47.21	46.10
chr13	51147338	51226948	79610	ATP7B	58.03	26.67	33.05	30.62	36.08	31.56	31.52	53.41	49.63	50.67	47.04	62.33	43.76	43.00	41.86	35.56	37.35	32.10	34.43	35.28	35.97	35.77	49.96	38.26	42.44	40.70	34.25	43.63	55.90	30.27	35.97	38.51	40.14	38.23	37.62	47.86	38.85	35.70	56.22	35.23	45.10	44.81	34.16	36.51	40.43	58.48	45.07	50.99	39.86	47.00	39.55	46.30	31.94	32.36	34.52	33.45	37.13	35.96	34.55	41.73	38.77	37.65	43.44	46.86	43.18	44.79	42.48	40.27	41.11	36.50	49.98	45.96	45.55	46.74
chr13	77824084	77829278	5194	POU4F1	50.06	24.58	30.53	26.80	29.22	26.14	27.56	44.93	41.58	43.20	41.73	54.27	40.05	34.43	36.89	29.99	32.18	25.37	29.59	28.00	38.18	32.93	44.29	35.68	43.07	37.17	29.53	42.68	45.71	24.06	28.84	32.96	38.94	37.17	34.84	46.63	32.78	30.47	50.60	30.28	39.85	40.99	28.19	28.47	36.21	50.28	40.38	41.53	31.80	43.82	40.89	42.31	28.25	28.62	29.54	28.37	30.51	31.05	30.92	33.84	34.96	29.32	33.73	41.54	38.20	38.96	34.22	33.69	30.64	30.46	43.35	38.81	39.26	42.27
chr13	99302583	99745721	443138	PCCA	59.91	26.88	31.68	29.90	36.97	31.79	31.54	52.50	48.40	49.54	46.79	63.26	47.09	42.52	45.16	36.58	38.31	32.54	34.89	34.14	37.16	36.85	50.96	39.60	44.11	41.95	33.94	42.81	57.75	31.72	37.75	39.32	40.68	38.05	39.31	48.88	39.54	36.71	57.23	35.23	45.83	45.37	34.63	37.30	43.04	60.14	46.50	50.08	42.27	45.47	40.31	44.39	33.38	33.61	35.84	34.76	38.29	36.59	36.33	42.68	40.58	40.81	46.07	48.51	45.37	46.88	44.58	42.79	43.68	37.09	51.41	46.82	47.13	46.41
chr13	100268891	100631686	362795	NALCN	61.00	28.57	31.96	31.06	37.12	32.59	32.98	53.57	48.52	49.76	47.89	63.65	47.66	42.43	45.58	36.80	39.11	32.44	35.04	34.66	37.78	37.78	52.17	40.17	44.77	42.55	33.50	42.78	59.75	32.67	37.99	40.27	39.84	38.00	40.07	50.55	39.91	37.33	57.43	35.70	45.68	45.56	35.55	38.26	43.68	61.90	46.56	40.01	43.30	44.18	41.06	43.12	33.84	34.68	37.05	35.65	38.79	37.22	37.56	44.10	41.75	42.04	46.67	49.84	46.78	48.39	45.73	44.16	45.05	38.14	52.58	48.15	47.58	46.38
chr13	100926800	101618453	691653	FGF14	61.49	28.74	32.13	31.29	37.60	33.02	33.56	53.62	49.15	49.95	47.87	64.49	48.19	42.01	45.95	37.65	39.36	32.77	34.97	34.94	38.24	38.10	53.14	40.63	44.95	42.98	33.89	43.06	60.05	32.84	38.65	41.23	40.42	38.61	40.54	51.50	39.83	37.23	56.99	35.55	46.04	45.46	36.25	38.61	44.40	62.71	47.26	32.69	44.31	44.86	41.01	43.58	34.18	35.00	37.30	35.86	39.34	37.73	37.78	44.42	42.02	42.15	47.18	49.99	46.78	48.90	46.56	44.60	45.59	38.23	53.11	47.72	48.12	46.43
chr13	102064227	102094203	29976	ERCC5	61.83	28.63	32.98	30.98	36.38	32.00	33.04	52.45	50.33	49.15	47.66	63.53	47.72	42.64	47.54	38.34	37.84	33.81	35.61	35.47	37.30	38.75	50.56	41.04	45.37	43.03	35.23	44.59	58.49	32.40	37.33	41.09	42.45	38.44	39.81	51.32	39.92	37.40	58.60	36.98	47.26	45.11	35.09	37.48	44.45	61.34	47.42	50.83	43.27	46.19	41.01	44.49	32.59	33.03	37.74	35.06	39.62	36.99	37.19	44.02	42.46	41.04	48.54	49.55	46.13	48.80	46.02	43.08	44.82	39.52	52.99	48.03	48.09	47.78
chr13	109377772	109536621	158849	COL4A1	58.53	27.39	33.01	30.23	36.82	31.09	31.20	53.16	49.56	50.29	46.61	62.48	44.65	44.12	42.71	36.29	37.94	32.64	35.06	35.50	36.69	36.15	50.06	38.23	43.25	41.52	34.79	43.81	55.75	30.72	36.37	38.93	40.58	37.34	37.87	49.11	38.78	36.30	56.94	35.88	45.57	45.71	33.57	35.46	40.91	58.46	45.90	56.02	41.06	48.01	40.86	46.77	32.71	32.97	36.33	33.91	37.09	36.51	35.66	41.19	40.07	39.33	44.27	47.68	43.59	45.66	42.88	40.68	42.19	36.62	50.00	46.26	46.27	47.44
chr13	109536747	109743647	206900	COL4A2	58.14	27.52	33.72	29.87	37.22	30.74	30.85	53.86	50.60	50.61	47.54	62.47	43.19	43.99	41.73	35.58	37.28	32.11	35.20	35.57	36.54	35.11	49.51	38.30	42.40	40.32	35.45	44.66	54.41	29.88	35.24	38.22	41.48	38.05	38.27	48.35	39.15	35.91	57.45	35.49	45.94	45.63	33.21	35.65	40.06	57.25	45.40	54.99	39.29	49.99	40.20	49.08	32.19	32.42	35.99	33.41	36.24	35.42	34.01	40.26	38.77	37.88	43.29	46.49	43.18	43.62	41.61	39.64	40.41	35.80	49.41	45.93	45.50	48.93
chr13	109846084	109870437	24353	NAXD	58.75	26.52	35.82	31.26	35.39	32.09	30.71	54.83	51.56	51.49	46.65	61.46	42.85	44.77	42.40	35.88	37.18	31.92	34.95	35.78	36.53	35.56	48.88	39.53	42.73	40.10	35.46	43.81	54.05	30.53	34.52	37.89	43.27	38.95	38.09	47.00	40.15	35.24	56.59	34.88	46.14	46.20	32.01	35.23	40.84	57.17	45.50	53.10	38.76	51.33	41.30	50.28	31.96	31.71	34.39	33.50	34.56	34.81	34.15	40.82	38.81	36.33	41.72	45.77	42.96	42.19	39.66	38.67	41.02	37.35	50.08	45.68	44.93	50.96
chr14	14881286	14891295	10009	ANG	60.44	27.63	33.98	30.27	35.74	30.26	33.17	54.33	48.61	49.93	47.04	64.33	44.75	45.05	42.55	35.34	37.22	35.33	35.82	36.74	36.52	35.55	50.57	40.88	46.06	44.38	34.34	42.19	55.76	32.16	36.60	41.48	44.72	37.02	39.89	49.30	42.19	38.42	60.60	36.61	48.88	48.72	34.17	36.13	41.84	61.07	45.92	54.21	42.18	49.41	40.91	51.47	33.99	32.75	35.03	33.78	38.17	37.26	36.03	43.59	40.65	40.22	46.72	47.90	45.85	46.42	43.28	43.25	42.49	37.55	49.51	46.66	46.78	50.55
chr14	15582675	15653513	70838	CHD8	58.11	26.50	31.16	29.71	36.62	31.28	30.51	53.13	47.47	49.35	46.03	62.06	45.17	43.06	44.16	35.80	37.58	32.55	35.19	34.65	37.31	35.50	49.19	39.39	43.81	40.43	33.54	43.79	55.88	31.17	36.16	39.18	40.73	37.09	38.65	47.53	38.58	36.54	57.08	35.70	44.54	44.59	34.18	36.71	41.08	59.20	45.33	52.05	41.44	46.34	40.94	45.70	33.37	32.54	34.08	33.82	36.46	34.89	34.93	41.15	39.49	39.17	44.60	46.88	44.50	45.48	42.22	41.10	41.68	36.39	51.77	46.04	46.33	46.87
chr14	17522472	17527178	4706	PABPN1	55.76	23.56	31.98	27.98	37.42	26.49	27.61	50.69	47.68	48.58	43.42	62.20	40.49	44.52	40.98	31.32	33.38	29.58	31.92	35.41	35.15	33.91	45.12	33.84	39.20	37.38	34.60	41.59	56.56	27.34	31.57	34.74	40.48	36.66	35.45	47.23	35.12	34.48	53.26	35.87	44.15	41.77	30.08	30.78	35.40	55.14	41.12	49.86	37.78	47.72	42.00	47.13	33.40	29.11	33.14	32.00	31.00	34.20	32.35	37.72	37.22	33.69	37.69	42.19	41.11	37.94	38.75	36.43	36.74	35.61	46.14	42.53	42.05	49.40
chr14	17613743	17636658	22915	MYH7	56.23	25.89	33.98	28.79	35.34	29.24	30.36	54.22	50.32	49.70	44.76	61.04	39.26	41.18	36.96	33.59	34.34	30.36	34.92	35.23	35.70	34.56	46.29	36.20	39.87	39.69	34.87	45.10	51.89	27.29	33.63	35.72	41.35	37.87	36.38	47.57	37.04	33.51	55.06	34.08	44.94	41.60	31.21	32.36	37.35	52.55	44.63	51.53	36.61	52.13	40.22	50.65	28.50	30.51	33.12	31.15	31.63	32.99	31.44	36.83	37.19	33.99	39.39	41.62	38.99	39.56	36.71	35.97	35.76	33.13	47.21	43.40	40.80	47.41
chr14	17721417	17752326	30909	ZFHX2	55.66	24.52	34.64	28.06	34.76	28.53	29.13	54.00	49.70	49.90	44.52	61.07	38.44	41.68	38.57	32.21	34.82	29.10	33.87	33.90	36.08	34.61	44.16	37.56	40.96	38.83	35.08	46.34	50.05	27.77	34.11	34.37	40.18	37.77	35.41	44.47	36.15	34.30	53.45	34.02	43.36	43.86	30.47	32.18	35.79	51.77	44.58	49.75	34.96	52.06	41.73	51.29	29.74	29.64	32.59	31.23	31.45	31.58	30.98	36.74	34.90	33.10	39.94	41.30	38.65	37.31	36.87	34.53	37.07	33.35	46.19	42.82	41.57	48.18
chr14	18292624	18302437	9813	PCK2	56.67	23.99	32.49	28.29	33.51	30.40	28.38	54.15	50.92	54.35	44.71	58.55	40.20	43.19	37.22	33.40	33.40	28.67	33.73	32.97	35.43	34.35	43.69	36.24	40.08	40.27	35.02	45.75	50.31	28.07	30.90	36.15	39.75	33.19	34.95	45.37	39.08	35.11	55.11	35.25	42.93	44.54	28.88	32.42	38.85	52.88	45.27	52.90	36.52	49.31	42.54	50.64	29.37	27.91	33.07	30.78	31.99	33.63	30.54	37.13	35.49	35.18	38.74	42.51	39.19	38.01	36.87	33.21	35.23	34.02	47.68	46.17	42.24	47.42
chr14	22964719	22968210	3491	FOXG1	58.36	25.60	34.26	28.39	32.23	31.36	26.52	42.65	45.12	41.08	46.18	59.39	40.65	32.23	37.50	35.07	32.86	27.24	32.16	32.92	31.79	35.57	40.45	37.64	40.51	39.16	34.89	45.78	52.65	30.57	32.04	40.02	42.03	39.49	38.62	43.80	38.16	31.63	53.85	30.12	39.82	39.99	33.01	30.81	40.15	55.84	43.22	38.29	37.49	41.53	43.18	43.44	30.14	36.41	34.27	33.29	30.63	32.22	30.88	40.29	35.84	36.09	42.96	45.43	44.99	39.58	36.00	33.59	38.59	34.00	45.80	42.50	40.21	47.18
chr14	25222938	25294259	71321	AP4S1	56.31	24.32	30.78	28.52	35.95	30.00	28.46	52.26	47.91	48.92	45.02	61.11	44.06	43.63	44.29	34.49	36.98	32.67	35.29	33.81	36.33	34.59	47.20	38.75	42.38	41.06	33.55	42.72	54.65	30.63	36.17	37.42	41.13	37.44	37.76	45.34	38.61	36.02	57.31	34.95	45.33	45.20	32.83	35.68	40.64	56.64	45.25	54.51	39.76	45.81	39.75	45.23	32.52	31.49	34.83	32.95	36.03	34.60	34.09	40.10	37.52	39.03	43.00	46.01	42.60	44.59	42.37	40.07	41.43	36.58	49.89	44.44	45.00	47.35
chr14	25758635	26058537	299902	NUBPL	60.22	27.92	31.87	30.66	36.98	32.20	32.48	53.13	48.52	49.98	47.73	63.67	47.67	42.04	45.86	36.77	38.27	32.37	34.87	34.21	37.29	37.38	51.41	40.70	44.52	42.42	33.91	43.07	58.90	32.36	37.62	39.71	40.43	38.01	39.19	50.80	38.98	36.81	56.78	35.09	45.73	44.77	35.19	37.71	43.22	61.12	47.07	43.06	43.11	45.29	40.70	44.00	33.52	34.26	36.80	35.04	38.03	36.58	36.95	43.23	40.80	41.03	46.34	48.87	46.12	48.56	45.48	43.61	44.40	37.92	52.40	47.44	47.35	46.48
chr14	28631318	28661012	29694	SPTSSA	55.74	22.92	30.23	26.08	36.05	30.37	28.59	49.92	46.49	49.11	43.03	60.38	42.96	40.81	43.13	35.88	36.06	31.06	34.78	33.28	35.68	36.40	47.13	38.42	42.33	40.42	32.08	42.54	55.48	30.04	34.83	37.64	40.76	35.91	36.85	44.92	37.03	36.12	57.09	33.97	44.39	43.55	33.76	35.90	40.64	55.31	43.89	52.60	39.22	45.10	38.63	44.38	31.18	31.65	32.86	31.89	36.81	33.62	34.52	40.16	39.20	38.17	42.92	45.13	42.55	45.21	41.19	39.57	41.44	35.69	49.64	43.71	44.34	45.00
chr14	28908281	28913764	5483	CFL2	60.72	28.28	35.00	30.67	38.73	34.50	32.66	51.99	48.82	52.73	49.94	64.82	50.34	39.92	43.17	37.43	38.07	31.46	35.80	32.67	39.20	38.09	53.60	37.92	45.03	45.32	33.97	41.66	59.26	33.77	39.52	43.23	43.00	39.20	42.11	51.06	41.39	34.41	59.33	36.35	45.08	43.13	36.60	37.99	45.58	59.14	44.47	41.51	45.15	47.58	42.52	46.03	34.82	34.04	34.80	36.48	38.45	38.67	36.41	43.19	40.63	44.26	43.15	50.65	47.06	51.92	46.89	42.90	45.20	37.53	52.98	47.02	49.32	49.99
chr14	30705670	30709516	3846	NKX2-1	49.22	23.64	31.88	27.75	32.11	26.59	24.96	60.39	59.45	55.50	44.78	59.85	40.45	38.84	41.26	29.91	35.31	29.32	33.36	32.62	45.09	37.77	47.82	38.66	43.21	38.63	36.55	51.05	45.87	23.39	27.77	39.22	46.96	41.14	42.25	55.35	37.58	31.35	56.28	30.92	41.30	43.43	26.92	28.48	35.74	46.74	48.91	46.59	33.46	52.35	47.63	55.61	32.59	35.04	37.21	28.36	31.32	30.34	29.94	34.08	39.87	31.83	36.04	43.43	39.29	34.76	32.04	34.67	32.28	31.96	41.71	44.46	44.21	55.58
chr14	43987876	44058011	70135	NEMF	59.17	25.21	30.99	28.43	37.61	31.70	30.89	52.39	48.47	47.50	46.55	62.53	47.01	43.37	45.94	37.05	38.01	31.84	36.09	34.62	37.09	35.48	50.07	40.84	43.89	42.08	33.49	42.99	57.18	32.02	37.60	38.88	41.20	37.68	39.68	47.72	39.45	37.76	56.46	35.45	45.93	45.12	34.71	37.64	42.20	59.50	46.49	55.21	43.39	44.87	40.89	44.13	32.76	32.61	35.17	33.53	37.75	36.00	35.78	43.35	40.30	39.89	45.58	48.14	44.95	48.32	44.34	42.11	43.27	37.46	50.81	46.31	46.15	46.50
chr14	44739258	44839213	99955	ATL1	60.36	28.31	32.69	31.68	36.97	32.07	33.32	52.76	48.38	49.98	47.23	64.82	47.89	42.46	45.18	36.49	39.16	32.51	35.20	33.61	37.26	37.13	52.35	40.79	44.37	43.05	34.01	43.01	59.93	32.27	38.23	39.80	41.15	38.76	40.87	50.00	39.67	37.27	56.99	36.08	45.64	45.57	35.96	38.19	44.18	62.14	46.76	41.62	43.90	44.66	40.55	44.26	34.22	33.77	37.28	36.20	38.58	36.69	36.58	44.06	41.09	41.04	46.35	49.42	46.01	49.64	46.39	43.88	45.23	38.05	51.83	46.67	47.81	47.26
chr14	47244730	47361295	116565	DDHD1	60.91	27.87	32.21	30.56	37.92	32.58	32.88	54.28	49.24	50.09	47.31	63.43	47.59	42.06	45.81	36.80	39.04	32.86	34.73	34.77	38.11	37.44	52.06	40.70	44.61	43.45	33.94	43.56	58.18	32.86	38.18	39.56	40.54	38.28	40.20	50.75	39.28	37.33	56.69	35.45	45.83	45.57	36.25	38.51	43.87	61.57	46.65	37.69	43.98	45.50	40.59	43.91	33.93	34.09	36.56	35.57	38.43	36.80	37.67	44.74	41.69	41.08	46.32	49.65	46.49	48.50	46.18	43.69	45.04	37.38	52.03	46.96	47.70	46.92
chr14	49047243	49108020	60777	GCH1	59.68	25.59	31.34	29.05	37.36	30.54	30.81	52.68	48.01	49.10	46.25	61.63	44.56	42.68	44.34	36.42	37.03	32.53	34.59	35.12	36.79	36.84	49.11	39.68	44.14	42.52	34.67	43.27	56.50	30.77	36.19	38.95	39.85	37.81	38.64	47.05	39.60	36.06	57.17	35.95	46.14	44.80	33.51	37.17	42.11	58.95	44.68	50.51	40.95	45.81	40.20	45.48	31.89	31.24	35.01	34.29	37.14	35.56	35.46	41.58	38.57	39.13	44.54	47.71	42.78	45.97	43.49	41.13	42.67	35.91	50.10	46.02	45.93	46.58
chr14	58060355	58434164	373809	SYNE2	59.48	26.47	31.45	29.47	37.00	31.76	31.34	52.69	48.37	49.52	47.12	63.05	46.54	43.26	44.87	36.12	38.09	32.50	35.34	34.66	37.13	36.39	50.14	39.85	43.86	42.14	33.89	43.10	57.37	31.81	36.98	38.78	40.92	38.05	39.29	48.30	39.10	36.57	57.16	35.58	45.45	45.12	34.47	36.81	42.37	60.00	46.04	52.11	42.41	45.80	40.77	44.76	33.21	33.38	36.16	34.41	37.72	36.34	36.38	42.34	40.15	40.49	45.48	47.54	44.64	47.18	44.51	42.24	43.53	36.77	51.02	46.51	46.77	46.25
chr14	61953617	62023694	70077	ZFYVE26	59.21	27.05	33.54	29.98	36.22	31.40	32.44	52.85	49.04	49.01	46.63	62.15	45.64	44.91	43.97	35.66	38.17	32.47	34.66	34.26	37.31	35.83	49.82	38.97	42.91	41.40	33.94	42.81	55.65	31.31	36.82	39.06	42.18	37.77	37.75	48.34	38.46	36.07	57.19	35.29	46.18	44.65	34.30	37.61	40.56	60.01	46.34	53.98	40.60	46.97	42.15	46.30	32.33	32.59	36.00	34.73	37.44	36.57	35.23	41.81	39.75	40.71	46.20	46.91	44.01	45.98	42.22	41.01	41.94	36.86	50.35	45.48	45.76	47.17
chr14	67342052	67429152	87100	PSEN1	57.30	24.32	31.55	28.14	36.46	30.11	28.64	51.23	48.11	48.28	45.68	61.18	45.42	43.32	44.15	35.39	35.61	31.43	35.30	34.41	36.49	34.91	48.72	38.39	43.20	41.20	33.17	42.97	56.80	31.01	34.97	37.78	39.84	36.98	37.07	46.05	39.04	36.10	56.31	35.13	45.07	45.40	33.85	35.92	41.43	58.05	44.50	55.06	40.84	46.12	40.89	45.97	31.64	31.96	34.67	33.41	36.40	34.81	33.85	39.81	38.73	38.95	43.33	45.92	43.56	44.99	43.25	41.72	41.35	36.86	50.18	45.50	45.85	46.52
chr14	68688904	68702483	13579	NPC2	58.74	26.30	33.45	30.85	36.57	32.09	29.98	51.66	49.07	48.99	47.08	60.73	44.41	41.89	43.16	36.90	38.02	32.62	34.92	34.76	39.56	35.49	50.52	37.74	42.90	41.96	32.40	41.73	54.95	30.00	38.10	39.79	41.39	38.21	39.54	48.23	39.09	35.73	54.11	35.90	47.82	43.92	34.49	36.45	44.96	58.31	46.70	50.35	41.57	49.99	41.04	47.10	33.55	31.77	33.99	34.39	37.50	34.75	35.12	41.49	40.87	39.66	45.83	47.64	46.77	45.91	45.24	42.05	41.63	37.18	52.18	47.81	47.06	46.63
chr14	69212005	69221436	9431	EIF2B2	58.86	26.34	32.83	30.75	38.10	32.23	30.30	52.34	48.99	49.12	44.81	58.60	45.16	45.46	45.13	33.21	38.06	32.81	33.70	35.89	34.11	36.00	49.98	40.05	42.68	39.41	33.43	42.91	57.23	32.26	38.37	39.19	41.54	39.13	38.55	47.92	38.14	36.13	54.74	35.13	45.72	43.81	35.42	38.61	39.20	56.77	46.85	49.61	41.28	48.28	42.03	44.98	31.60	32.20	33.70	33.58	34.48	35.50	35.12	40.13	38.55	40.54	45.12	48.58	43.03	46.59	42.12	41.54	42.29	35.22	50.91	46.27	44.17	49.14
chr14	69288751	69336432	47681	NEK9	57.24	26.60	32.69	29.77	36.61	31.78	30.12	53.67	48.47	49.49	46.88	65.12	46.72	42.93	44.70	35.80	37.58	32.15	35.47	34.91	37.42	35.41	50.52	39.03	43.47	41.66	33.29	42.70	56.82	32.34	38.08	39.12	40.66	38.24	38.62	47.55	40.37	37.15	56.61	35.63	45.85	45.24	34.32	37.03	42.73	59.72	45.75	54.20	41.10	46.47	42.17	47.08	33.29	32.52	36.46	35.05	38.09	37.21	36.86	42.15	40.82	40.74	46.38	47.36	44.74	48.21	44.06	41.90	42.48	37.14	49.88	46.85	46.07	47.22
chr14	70167286	70192202	24916	TGFB3	58.12	25.92	33.90	29.76	33.91	29.62	30.46	53.08	49.40	49.48	44.92	59.01	41.25	41.56	40.28	33.51	34.80	30.37	33.11	34.28	34.65	34.41	48.40	37.78	40.72	39.73	33.89	43.77	52.34	28.76	34.33	37.03	40.98	37.78	36.38	47.44	38.67	35.47	54.12	34.56	42.92	44.09	31.27	33.70	38.21	53.96	42.94	53.31	37.69	47.70	40.70	47.94	31.81	31.95	33.98	31.28	35.31	34.03	32.67	38.22	37.72	36.23	39.73	43.71	40.05	42.02	39.60	37.27	38.94	34.57	47.34	44.50	42.30	47.57
chr14	71234285	71238439	4154	IRF2BPL	56.71	24.30	31.82	26.72	34.39	28.49	27.12	48.06	53.71	51.40	47.60	61.80	31.60	41.06	37.05	34.42	33.59	30.36	33.88	35.79	39.85	37.00	45.45	39.17	42.27	42.31	42.24	49.12	48.84	23.66	29.16	31.60	43.64	37.84	39.46	50.42	37.66	34.70	50.79	32.19	42.64	43.11	25.84	27.35	32.02	53.18	44.43	47.60	36.59	58.59	41.87	54.40	26.93	29.61	33.59	32.09	28.15	29.32	26.88	32.37	35.74	27.61	31.99	38.78	42.13	31.38	31.77	31.14	32.98	29.57	45.03	45.01	39.00	55.97
chr14	71391594	71468802	77208	TMEM63C	55.29	25.03	32.94	28.47	34.09	29.21	30.05	53.70	50.46	49.33	45.27	59.39	38.93	41.43	38.66	32.95	34.26	29.22	33.22	34.10	35.08	33.25	45.60	35.41	40.24	38.59	34.75	43.20	50.95	27.83	32.99	35.65	40.05	37.13	35.87	45.95	37.20	33.89	53.04	33.32	43.49	43.21	30.64	32.45	37.62	52.99	42.84	52.36	35.19	50.00	39.37	49.34	29.42	29.65	32.66	30.45	32.24	32.57	31.18	36.14	35.68	34.51	39.76	41.92	39.35	38.39	37.43	35.74	37.37	34.04	46.64	42.53	42.34	48.31
chr14	71484304	71530246	45942	POMT2	57.00	26.35	35.14	29.91	35.73	30.39	31.99	53.26	49.10	50.56	46.80	62.71	42.50	43.64	41.07	36.05	36.46	31.49	35.07	35.22	35.67	35.73	47.90	38.77	41.81	40.92	35.01	43.15	54.83	30.18	36.31	38.02	42.76	38.23	38.48	47.74	38.77	35.97	56.57	34.77	45.13	44.23	32.45	36.34	40.04	56.40	45.68	54.17	39.46	49.61	41.39	48.61	31.26	31.07	34.86	33.37	35.45	34.66	34.56	40.70	38.57	37.78	42.76	46.04	43.66	43.61	41.50	39.91	40.93	36.14	50.16	45.54	43.99	48.77
chr14	71715381	71825999	110618	SPTLC2	57.84	25.66	31.38	28.79	37.20	31.97	30.20	52.95	48.01	50.36	46.41	62.57	45.53	43.46	45.47	35.75	37.90	32.64	35.41	34.79	37.18	36.65	49.69	39.82	43.76	42.03	34.14	43.04	57.24	31.65	36.60	38.71	41.27	37.77	38.34	47.54	39.36	37.38	57.22	35.97	46.19	45.40	34.27	37.31	41.98	59.32	45.88	55.37	41.65	46.32	40.49	46.05	32.70	32.32	34.85	33.72	37.15	36.49	35.54	41.27	39.91	39.93	45.33	46.94	44.45	46.41	43.48	42.00	42.25	36.35	50.27	46.14	46.97	47.37
chr14	82153628	82214299	60671	GALC	60.64	28.20	31.55	31.34	37.55	33.90	33.33	52.87	48.79	49.25	47.82	63.53	47.60	41.28	47.23	37.28	39.89	32.28	35.02	33.71	38.00	37.39	52.83	40.98	44.40	43.62	33.44	43.99	60.69	32.61	39.98	41.30	40.44	39.10	40.84	52.75	39.09	37.56	56.64	35.28	45.91	45.35	36.39	38.92	44.56	63.98	47.09	25.69	44.08	44.24	41.23	43.13	33.83	33.90	37.28	35.69	39.29	38.24	38.57	44.98	42.59	41.86	46.45	50.83	47.37	48.62	46.82	44.88	45.75	38.23	53.43	48.58	48.90	46.20
chr14	84180125	84268965	88840	TDP1	58.56	27.45	32.66	30.73	36.86	31.31	32.29	53.06	49.07	49.50	45.90	61.89	44.92	43.00	44.35	35.73	37.80	32.20	35.46	34.97	37.07	36.82	50.69	39.57	42.89	41.59	34.46	43.13	57.02	31.31	36.53	38.63	40.09	37.88	38.28	49.77	38.65	35.98	56.30	35.48	46.11	45.01	34.16	36.75	41.79	57.57	45.53	47.13	41.48	46.88	41.19	46.18	32.41	33.34	35.94	34.55	36.89	35.64	36.37	42.33	40.35	40.26	44.77	47.55	45.05	46.93	44.48	41.00	43.30	36.53	50.38	46.46	46.41	46.89
chr14	85496796	85643060	146264	CCDC88C	56.30	25.81	34.18	29.39	34.98	30.67	30.20	54.67	51.43	50.48	45.91	61.34	41.12	43.62	40.24	34.22	36.51	31.05	35.06	35.45	35.84	34.73	47.53	37.99	41.33	40.33	35.52	44.60	52.52	28.74	33.47	36.70	42.61	38.50	36.97	46.83	38.13	35.05	56.21	35.66	45.80	44.77	32.20	33.88	39.24	55.22	44.92	53.27	37.64	51.60	40.67	50.03	31.06	31.13	32.68	33.24	34.52	34.89	32.57	39.41	37.48	35.97	40.22	45.16	41.75	41.73	39.69	37.63	38.55	35.17	48.49	44.72	44.39	49.13
chr14	86098900	86177154	78254	FBLN5	57.79	26.18	33.30	29.53	36.40	30.19	30.45	53.70	49.85	49.95	46.31	61.56	42.90	43.40	42.03	34.72	37.23	32.02	35.47	35.66	37.00	34.74	47.92	38.62	43.00	40.06	34.81	44.05	54.83	29.98	35.80	37.41	41.01	38.12	37.72	47.59	39.19	35.78	57.03	35.74	46.11	44.68	32.99	36.26	40.83	56.23	45.06	55.08	38.37	48.18	40.29	47.85	31.48	32.63	34.86	32.59	35.73	35.19	34.78	40.37	38.40	37.60	42.91	46.05	42.18	43.00	41.44	38.96	40.55	36.00	49.87	45.01	44.98	48.27
chr14	87565060	87935165	370105	UNC79	59.56	27.70	32.24	30.49	36.84	31.54	32.40	52.75	48.52	49.50	47.14	63.26	46.38	41.91	45.37	36.85	38.19	32.22	34.67	34.43	37.23	37.10	50.80	39.94	43.91	42.46	33.78	43.03	57.95	31.91	37.13	40.00	40.41	38.18	39.35	49.37	38.71	36.47	56.64	35.24	45.01	45.19	35.08	37.71	42.65	60.38	46.67	43.38	42.56	45.38	40.44	44.10	33.54	34.01	36.76	34.69	37.80	36.30	36.77	42.83	40.76	40.56	45.73	48.32	45.19	47.50	44.90	43.20	44.34	37.14	51.60	46.77	46.79	46.13
chr14	89765741	89775402	9661	GLRX5	58.95	27.72	36.39	30.39	34.96	31.88	31.90	55.57	50.61	49.74	46.33	63.51	47.65	46.32	42.74	37.22	38.42	32.94	37.57	36.17	38.34	37.39	51.08	40.69	44.53	43.62	33.82	45.73	55.58	30.43	38.67	40.60	42.66	37.35	38.33	50.03	37.86	35.42	56.21	34.99	47.61	44.90	33.44	35.47	41.08	61.26	45.02	50.01	41.48	51.72	42.52	48.88	33.08	34.70	36.50	33.68	35.89	36.64	35.94	42.09	40.05	41.02	46.25	49.40	44.11	46.51	44.18	41.82	44.18	37.39	52.51	47.30	49.09	47.18
chr14	91029171	91113426	84255	VRK1	61.30	28.57	32.20	31.15	37.30	32.94	34.08	52.57	48.40	48.68	47.76	64.14	48.80	39.89	46.78	37.46	38.78	31.83	34.59	33.82	38.34	38.98	52.48	40.72	45.01	43.33	33.70	42.32	59.65	33.06	39.20	41.46	40.27	39.54	40.47	51.73	39.52	37.29	57.03	34.02	45.88	44.49	35.87	39.00	45.10	62.75	46.95	36.42	44.86	43.89	40.53	43.29	34.72	34.33	37.54	35.82	39.05	37.67	38.47	43.74	42.28	43.06	47.23	49.74	47.06	50.24	46.31	44.77	45.29	37.17	53.05	47.87	48.17	45.65
chr14	94566810	94609425	42615	WARS1	56.46	24.42	32.70	27.76	33.99	30.15	28.92	52.52	49.32	47.94	46.42	59.38	42.88	42.47	42.45	33.92	35.64	29.69	35.18	33.94	35.43	33.96	47.06	37.03	41.35	38.29	33.87	42.80	53.60	29.88	34.57	38.30	41.11	37.05	36.22	46.55	38.02	34.94	55.39	35.11	44.58	43.68	31.82	35.18	39.33	55.90	43.06	50.75	38.57	49.12	40.95	48.32	31.44	31.03	33.97	32.58	34.29	34.66	33.82	38.79	36.62	36.67	41.53	44.17	41.18	42.64	39.76	38.39	39.01	35.22	49.13	44.21	44.91	47.43
chr14	96200187	96292054	91867	DYNC1H1	55.67	24.93	32.87	27.73	36.18	29.92	29.45	52.89	49.00	49.13	44.78	60.35	43.28	44.18	43.22	35.56	37.20	32.39	35.19	36.10	37.07	35.23	48.07	38.16	42.34	41.64	34.09	43.43	53.17	30.21	34.92	38.62	41.84	36.89	37.12	46.12	38.47	36.31	56.73	35.21	45.14	45.13	32.96	35.27	39.90	56.34	44.79	55.14	39.47	49.38	41.41	47.98	31.53	31.70	34.08	32.86	35.62	35.16	33.62	39.26	38.18	38.06	43.77	45.48	42.24	43.71	41.31	38.99	40.25	36.13	48.97	44.96	44.37	47.69
chr14	96598535	96738379	139844	TECPR2	55.45	23.85	32.33	28.23	35.30	30.17	28.24	52.16	48.73	49.41	44.84	59.97	42.15	43.19	41.98	34.76	35.94	31.80	34.46	35.30	35.45	34.01	46.77	38.21	42.52	39.94	34.61	43.25	53.71	29.33	34.16	36.83	41.41	37.01	36.66	44.59	38.65	35.94	56.10	35.06	45.08	44.45	31.80	34.71	40.02	54.46	44.19	55.26	38.47	48.18	40.92	47.34	30.97	30.96	33.09	32.34	35.36	33.95	33.02	38.79	37.13	37.20	41.99	44.23	41.95	42.61	40.66	38.16	40.00	35.32	48.51	44.34	43.94	47.49
chr14	98923980	98965414	41434	INF2	54.80	25.25	37.18	29.24	34.04	29.49	28.15	54.85	54.49	52.52	45.18	61.18	33.68	39.46	33.03	31.75	34.36	29.24	34.12	34.48	35.99	32.95	42.95	36.17	39.84	38.45	37.02	48.98	49.60	24.47	29.24	34.78	44.13	38.78	36.44	47.49	37.12	31.81	51.78	33.87	43.40	41.60	28.20	29.73	35.28	49.54	45.59	45.86	31.34	60.40	44.65	56.91	27.82	28.04	33.08	29.00	27.04	27.87	26.65	34.97	34.59	28.37	32.74	40.93	38.92	31.93	32.64	33.09	33.46	32.99	43.27	43.38	41.29	54.50
chr14	98967107	98990211	23104	ADSS1	55.77	25.18	37.55	28.78	33.47	29.51	28.93	56.52	52.64	51.89	48.40	60.61	34.07	39.54	34.26	32.47	34.36	28.12	32.38	34.53	36.01	32.42	46.26	36.57	40.41	40.41	36.50	47.51	52.14	25.42	29.23	33.93	43.07	38.64	36.05	47.04	36.25	32.78	52.30	34.83	43.28	42.66	28.64	30.29	37.23	49.71	43.38	47.60	32.96	58.63	44.34	57.53	27.97	29.93	32.82	29.98	28.60	29.93	29.47	35.41	34.02	31.43	34.38	41.58	39.83	36.04	34.53	33.48	34.23	33.86	44.89	42.73	41.34	51.96
chr14	99043430	99047591	4161	ZBTB42	56.85	28.80	37.55	28.27	34.13	27.59	28.24	51.31	51.32	50.75	49.45	58.92	34.19	38.49	33.82	31.61	35.01	28.35	33.56	37.15	38.22	36.48	47.01	33.92	39.15	41.00	36.39	49.83	47.12	22.13	27.69	34.74	43.73	36.28	38.43	45.09	36.94	32.76	51.45	33.21	43.02	46.50	27.32	28.95	35.25	46.25	43.86	42.21	30.38	56.85	48.00	63.08	29.90	30.08	30.77	32.93	24.68	27.49	27.90	31.67	32.29	28.95	34.11	41.99	38.14	28.62	33.25	31.99	30.98	30.82	43.65	41.87	39.70	53.06
chr14	99382853	99410701	27848	JAG2	52.73	24.51	36.47	28.80	31.47	29.59	27.31	53.40	52.94	52.74	47.36	59.10	33.43	37.79	32.89	30.30	33.89	27.57	31.59	34.66	35.61	32.32	43.19	35.44	40.95	39.67	37.39	49.36	50.05	22.78	27.31	33.24	46.78	39.24	35.82	46.50	36.00	30.87	48.37	34.03	41.85	41.31	25.79	28.51	33.56	46.20	43.27	41.95	30.47	59.36	45.28	59.35	27.66	27.71	32.97	28.50	25.40	27.10	26.40	31.02	33.29	26.34	31.59	39.79	36.94	30.19	30.57	30.02	31.78	33.71	41.52	42.83	39.49	52.30
chr15	20458057	20501621	43564	NIPA1	54.89	22.93	31.42	26.71	35.53	29.40	26.91	50.15	46.15	46.42	42.77	58.08	41.30	42.99	40.46	32.70	34.66	31.27	35.04	33.31	34.95	33.12	45.57	36.87	40.62	39.14	33.72	43.42	52.90	29.24	32.69	35.19	39.62	36.11	35.62	44.53	37.27	35.28	54.61	34.33	44.23	43.89	31.11	33.58	38.50	54.08	43.38	51.75	37.72	45.56	39.98	46.54	29.63	29.77	33.33	30.31	33.81	33.93	31.35	36.90	17.79	36.50	41.25	43.53	41.27	41.58	39.57	37.75	38.10	33.76	47.24	43.64	43.19	47.00
chr15	21377969	21382288	4319	MAGEL2	57.47	26.13	31.22	29.43	37.35	33.44	28.79	57.51	57.57	59.03	46.96	62.15	36.12	42.28	37.58	36.04	36.10	37.49	37.77	37.11	36.60	37.25	49.43	40.71	42.40	41.53	39.63	54.15	54.70	25.34	31.30	40.08	48.91	39.55	42.01	50.79	40.78	38.32	55.25	38.31	45.42	43.64	29.44	33.56	39.70	58.67	48.72	50.81	36.53	53.28	48.01	50.35	31.31	34.60	37.61	35.31	29.88	31.60	30.45	39.61	41.53	29.53	35.99	41.43	42.66	33.27	36.82	34.28	38.64	35.45	44.27	43.28	43.99	61.04
chr15	31107438	31663747	556309	RYR3	59.36	27.50	32.14	30.02	36.73	31.58	32.04	53.27	48.91	49.85	46.56	63.16	45.84	42.81	44.20	36.16	38.16	32.58	35.22	35.09	37.05	36.90	50.69	39.74	43.15	41.52	34.07	42.88	56.84	31.67	37.18	39.27	40.58	37.83	39.16	49.31	38.91	36.38	57.18	35.53	46.11	45.37	34.91	37.39	42.23	59.42	46.23	44.20	41.76	46.99	40.34	46.14	33.28	33.59	36.79	34.42	37.98	36.66	36.33	42.58	40.39	40.28	45.62	47.91	44.74	46.65	43.76	42.17	43.32	36.41	51.40	46.61	46.52	46.62
chr15	32028043	32136362	108319	SLC12A6	59.23	26.35	31.11	29.71	37.28	31.42	30.99	53.11	48.50	48.46	47.02	61.92	45.50	42.73	44.90	36.53	38.19	31.99	34.41	34.29	37.03	36.32	50.27	39.82	43.67	42.21	33.47	42.73	57.38	31.09	37.01	38.91	40.93	37.29	38.51	49.29	38.61	36.83	56.57	35.32	46.07	44.91	34.35	37.33	43.38	59.49	45.92	50.77	42.02	45.32	40.81	44.33	32.92	32.06	35.99	34.68	36.75	36.01	36.09	42.63	40.30	40.11	45.67	48.38	45.44	48.45	44.17	42.83	43.39	37.07	51.93	46.53	46.34	46.05
chr15	38278333	38280508	2175	CHST14	54.67	24.55	33.66	28.44	30.09	26.76	25.83	49.05	52.15	45.89	43.35	52.36	32.27	33.89	30.70	32.07	31.55	26.86	30.75	27.63	34.14	31.93	38.11	38.35	40.89	33.01	37.17	43.75	46.28	24.55	26.92	29.47	40.77	36.76	34.98	40.46	31.71	29.98	47.41	31.45	41.57	39.46	24.01	29.64	30.94	44.09	40.65	46.59	29.10	51.74	38.83	45.40	25.79	20.53	33.12	27.69	24.55	23.24	29.62	32.52	35.05	27.55	28.58	36.40	34.54	31.68	34.31	31.20	33.78	27.89	36.90	39.91	31.83	50.29
chr15	39037453	39088066	50613	CHP1	55.60	23.15	31.13	26.78	35.73	30.67	27.55	52.01	47.75	49.18	45.76	59.48	43.44	43.43	43.28	34.56	35.85	31.15	34.55	33.90	35.60	34.42	46.09	39.24	41.39	40.66	33.21	42.45	54.51	30.14	35.96	36.61	40.35	36.75	35.21	44.49	38.76	36.49	56.87	35.17	45.28	45.09	31.96	35.94	40.47	56.35	43.99	54.87	38.84	46.49	40.11	45.39	31.12	30.97	32.84	31.68	36.04	34.32	33.48	39.42	36.89	38.65	42.67	44.10	42.23	43.29	41.06	39.40	41.07	35.91	49.10	44.98	42.99	47.69
chr15	39193516	39208657	15141	NDUFAF1	55.11	18.53	27.34	22.19	35.33	29.69	21.52	50.13	42.10	47.47	43.93	60.34	43.65	44.39	41.84	32.95	34.03	32.25	35.87	35.33	36.14	32.12	44.51	37.71	42.51	39.50	33.33	41.09	49.82	28.23	34.37	36.02	38.60	35.76	35.24	41.65	38.61	34.96	55.53	37.69	45.01	44.18	30.29	33.66	39.69	52.83	42.14	54.12	38.19	45.29	39.83	44.16	28.66	29.76	33.73	30.87	33.94	33.77	30.14	37.62	35.65	36.34	39.14	42.12	40.42	41.92	38.90	38.44	37.45	34.04	47.11	44.92	43.07	47.19
chr15	40165535	40218365	52830	CAPN3	55.52	24.66	31.98	28.17	34.96	30.15	29.11	52.61	47.62	48.60	44.76	60.08	41.43	42.71	41.01	34.05	35.39	30.75	34.42	33.60	35.24	32.78	47.58	37.11	40.84	39.34	34.08	42.45	52.58	28.04	34.31	36.83	39.90	36.97	36.11	45.55	37.20	34.53	54.61	34.42	43.89	43.35	32.00	33.76	39.76	54.70	44.42	51.74	38.04	46.67	38.91	46.14	31.21	30.14	33.59	31.66	34.02	33.40	33.53	38.35	36.40	36.70	41.65	44.43	40.90	43.14	39.41	37.38	39.07	34.94	48.60	43.32	43.06	46.89
chr15	40545861	40727909	182048	TTBK2	58.48	25.68	30.89	29.14	36.03	31.41	31.28	52.68	48.32	49.01	46.58	62.68	45.88	42.75	44.42	36.21	37.24	31.80	34.61	33.18	36.39	35.63	49.11	39.26	43.30	41.79	33.02	42.60	57.08	31.36	37.18	38.47	39.97	37.63	38.27	47.90	39.14	36.79	57.14	35.46	45.45	45.09	33.94	36.97	41.79	59.66	44.83	50.71	42.03	44.56	41.23	43.97	32.26	33.07	35.35	33.91	36.88	35.54	35.46	41.66	39.52	40.24	45.20	47.30	44.43	46.99	43.77	41.27	42.35	37.02	50.56	45.77	46.26	45.85
chr15	42370661	42471634	100973	SPG11	57.90	24.84	30.60	28.03	37.08	32.09	29.47	52.20	47.90	49.04	46.95	61.84	45.56	43.48	45.21	35.67	37.66	32.62	35.76	34.67	36.61	35.78	48.94	39.69	43.25	41.72	34.01	42.79	57.49	31.07	36.70	37.83	40.16	37.22	37.88	47.69	39.63	37.34	56.99	35.43	46.46	45.15	33.81	36.99	41.97	58.59	45.17	55.25	41.76	46.38	41.49	44.94	31.86	32.11	34.60	34.02	37.33	35.62	35.60	41.53	39.41	39.96	45.08	46.88	45.20	47.24	43.29	42.17	42.53	37.19	50.39	46.47	46.41	46.25
chr15	42831214	42885202	53988	SORD	57.44	26.92	34.71	30.99	40.94	30.90	31.96	55.22	49.63	51.88	45.70	61.17	45.69	43.16	43.13	34.48	36.67	32.25	35.03	34.46	35.83	34.63	48.95	37.65	42.92	40.31	33.54	44.57	55.30	30.47	36.40	37.57	42.61	36.97	36.61	46.94	38.95	37.60	60.08	36.80	44.80	50.11	33.35	36.13	39.58	56.67	46.15	53.45	41.47	47.17	42.15	45.94	31.81	32.10	35.34	32.75	37.05	35.07	34.52	40.17	38.89	40.77	43.49	46.54	43.27	47.33	41.01	40.70	40.87	38.70	50.59	46.18	46.29	47.73
chr15	43060157	43086086	25929	SLC28A2	58.98	27.89	32.46	29.31	37.27	32.51	32.42	51.94	48.74	47.30	47.96	64.63	44.56	43.50	43.81	34.67	37.84	31.20	35.42	35.59	36.59	35.05	51.17	39.39	43.54	39.63	34.52	41.84	56.50	30.95	35.99	38.45	40.81	38.11	38.98	48.45	37.71	36.07	54.97	34.90	45.49	46.02	34.43	35.78	41.09	61.44	45.21	47.99	41.02	45.06	39.48	44.43	32.53	32.13	35.22	33.35	36.64	36.83	35.13	41.07	39.80	38.74	45.00	48.50	45.19	45.79	42.04	39.88	42.98	37.43	49.86	46.63	45.88	47.61
chr15	48232512	48322500	89988	USP8	59.18	25.41	31.32	28.51	36.93	31.64	30.23	52.39	47.60	49.59	46.34	63.89	47.27	43.36	45.61	36.51	38.09	33.24	35.26	35.20	37.00	36.26	50.16	40.28	44.92	41.57	33.79	42.59	58.79	32.58	36.85	38.63	41.06	37.62	38.58	47.65	39.85	37.68	57.83	35.65	45.90	45.65	34.69	37.57	42.97	61.03	45.62	54.70	42.67	45.56	40.93	44.77	32.64	33.09	35.46	33.98	38.05	36.44	36.14	42.68	40.22	40.59	45.37	48.50	45.88	48.43	44.26	42.52	43.49	37.67	50.78	46.64	47.09	46.72
chr15	48715952	48813558	97606	AP4E1	60.77	26.73	32.87	30.31	37.61	32.46	32.01	53.07	47.86	49.15	47.12	63.56	48.00	43.16	46.37	36.90	38.77	32.90	35.20	34.76	38.33	37.38	50.54	40.92	45.05	42.61	33.18	42.83	58.00	32.36	37.73	39.48	40.48	37.79	40.09	48.94	39.80	38.15	56.96	35.94	45.77	44.94	35.86	38.52	43.44	61.02	46.77	47.41	43.18	45.40	41.36	43.96	33.64	34.48	36.30	35.07	38.50	37.35	37.25	42.89	41.15	41.34	46.54	48.32	45.93	49.28	45.76	43.83	45.05	37.78	52.44	46.94	47.20	45.04
chr15	49149424	49215767	66343	GLDN	57.93	27.26	32.61	30.31	35.79	31.12	32.45	53.59	51.07	49.35	46.37	62.78	44.08	43.10	42.34	35.44	36.99	31.62	34.73	34.81	37.36	36.76	49.46	38.64	42.84	40.97	33.90	42.73	55.66	30.60	35.70	39.14	41.60	36.54	37.98	49.69	38.11	35.16	56.38	34.84	44.81	44.78	33.61	36.35	41.17	58.25	45.10	50.30	40.56	48.25	39.89	46.70	30.76	33.26	35.82	33.22	36.37	36.26	35.87	40.10	38.81	38.62	44.45	46.20	43.35	44.02	42.64	40.11	41.29	36.23	49.76	46.35	44.78	46.91
chr15	59655983	59864419	208436	VPS13C	62.44	30.19	33.34	32.55	37.88	32.87	36.55	53.77	49.50	51.12	48.23	64.31	48.28	41.26	47.32	37.09	39.43	32.27	34.84	33.58	38.47	38.54	53.21	41.98	46.00	43.41	36.35	45.33	61.22	33.13	39.16	41.33	41.16	38.71	40.74	52.21	39.80	37.19	57.20	36.06	45.73	45.66	36.71	38.93	45.45	63.86	47.11	33.06	45.02	42.95	41.61	41.97	34.70	35.10	37.74	36.37	39.49	37.73	38.69	44.67	42.44	42.44	47.79	50.81	47.91	50.85	47.06	45.35	46.66	38.25	53.24	48.17	48.59	47.96
chr15	62197256	62264725	67469	TRIP4	54.69	23.27	30.22	26.06	35.77	29.30	27.30	50.35	46.38	48.39	43.70	59.40	44.03	42.23	42.89	33.69	35.41	30.62	33.99	32.76	34.92	32.99	46.60	38.52	42.12	39.84	32.86	42.02	53.52	29.23	34.27	36.72	39.04	36.33	36.29	43.40	37.38	36.26	54.94	34.61	44.45	44.27	31.66	34.89	40.01	55.95	43.67	53.12	39.91	43.18	39.34	44.47	30.70	30.43	32.92	31.42	35.13	33.76	33.11	38.95	36.37	38.84	41.88	44.40	42.90	44.77	40.81	39.40	39.87	35.49	47.89	44.20	44.21	45.76
chr15	62772441	62799314	26873	SPG21	56.82	23.69	31.18	27.47	35.72	30.58	28.37	52.60	48.07	49.75	47.29	61.52	45.98	42.32	44.96	36.26	37.29	31.25	35.97	35.12	36.98	35.40	47.65	40.04	43.80	42.34	33.38	44.56	55.75	31.06	35.47	37.90	41.38	36.26	36.08	45.18	39.65	35.96	57.51	36.52	45.91	44.91	32.33	34.48	41.01	57.72	45.45	57.02	40.05	44.61	41.50	47.08	30.01	32.00	33.82	33.68	36.11	34.04	34.59	40.30	38.40	39.77	44.81	45.93	42.41	44.77	41.96	41.70	41.23	36.89	50.85	44.21	44.08	49.81
chr15	62810916	62839049	28133	MTFMT	59.50	24.26	32.53	27.79	37.09	32.88	27.50	51.54	45.31	47.96	45.23	62.71	46.46	43.34	45.10	36.18	38.47	30.62	34.76	35.16	37.34	35.51	49.15	40.49	42.76	41.06	33.35	41.90	57.46	32.06	38.25	38.82	40.17	37.15	36.92	47.57	38.73	36.11	56.67	34.93	46.14	44.41	33.73	36.98	42.45	61.36	44.99	51.34	42.31	44.89	40.45	44.27	33.19	32.22	36.17	35.30	35.66	35.18	36.14	41.75	40.04	41.03	45.57	48.51	44.85	48.78	45.52	42.52	43.77	37.94	50.17	46.60	46.53	46.92
chr15	62886163	62889366	3203	KBTBD13	56.82	26.67	33.46	30.71	35.09	31.23	32.76	52.19	52.64	51.93	47.91	65.80	39.97	45.57	38.39	36.75	41.97	35.46	37.86	40.75	38.20	39.68	50.46	39.71	42.43	45.59	43.61	47.97	56.01	28.92	36.94	39.11	50.58	38.80	42.83	55.61	47.12	38.49	56.11	37.52	50.36	45.15	31.20	36.30	42.22	58.23	49.83	53.68	37.85	65.40	49.05	62.27	31.48	27.78	35.38	32.06	30.57	35.15	34.92	37.60	42.85	32.70	38.98	44.81	44.02	39.25	38.53	36.80	36.25	37.21	49.82	52.79	44.23	56.84
chr15	64208362	64313019	104657	MAP2K1	56.33	24.65	31.66	27.75	36.39	29.78	29.24	51.78	48.25	49.07	45.88	60.61	42.78	42.85	42.07	34.47	36.71	31.45	34.72	34.33	36.25	34.86	47.88	38.15	42.29	39.75	33.35	42.39	54.29	30.22	34.82	37.02	41.26	37.21	37.01	45.96	38.44	35.56	56.23	35.10	45.02	44.90	33.09	35.56	40.14	57.45	44.59	50.38	39.28	47.12	40.27	46.81	30.65	30.34	33.11	32.83	36.21	34.23	33.57	39.71	38.66	37.33	42.74	45.64	42.38	44.25	41.84	40.56	41.14	35.98	48.67	45.14	44.97	45.82
chr15	66025740	66075904	50164	CLN6	56.41	25.48	33.11	28.47	34.74	30.13	29.31	53.21	49.44	50.31	46.22	60.42	42.05	41.36	40.66	33.87	35.94	31.08	34.76	34.89	35.58	34.21	46.93	38.31	41.15	40.88	34.16	43.26	54.27	28.37	33.37	36.75	40.58	38.02	36.78	45.11	37.40	34.86	55.65	35.04	43.76	43.75	31.63	35.02	38.86	56.82	44.50	51.54	38.96	48.29	40.87	47.18	30.08	31.77	33.13	31.82	34.53	33.70	34.05	39.87	37.59	36.76	42.41	44.22	41.93	42.23	40.14	38.57	39.05	35.71	48.21	44.27	44.15	47.78
chr15	69641240	69934886	293646	MYO9A	60.74	26.74	31.01	29.93	37.37	32.30	31.36	52.76	48.59	49.47	47.56	63.71	47.50	42.46	46.01	36.33	38.31	32.23	35.07	33.80	37.30	37.39	51.85	40.49	44.50	43.14	33.54	43.19	58.69	32.01	37.85	39.25	40.45	38.21	39.73	49.99	39.79	36.89	57.41	35.24	45.59	45.17	35.81	37.55	43.89	61.76	46.85	44.72	43.01	44.77	41.11	43.94	34.03	33.39	36.22	35.03	37.81	36.32	37.20	43.42	41.30	40.98	46.03	48.97	46.12	49.03	45.26	43.85	44.85	37.82	51.96	46.99	47.52	46.17
chr15	70157398	70192818	35420	HEXA	57.27	25.43	31.79	27.53	36.17	30.96	30.81	51.90	48.48	49.27	46.40	61.73	42.69	43.36	42.12	34.49	36.55	31.76	34.68	34.77	36.64	33.53	47.51	38.25	41.58	40.41	33.74	43.20	53.90	30.99	35.05	37.52	41.03	36.91	37.64	46.73	39.23	34.98	56.30	35.03	46.03	44.34	33.36	36.16	39.68	56.18	44.15	49.83	39.68	48.56	39.87	47.37	32.02	29.96	32.72	32.82	36.00	34.18	33.30	39.79	39.67	37.64	42.95	45.25	41.98	44.98	40.62	40.33	39.50	35.27	49.11	46.26	44.24	47.19
chr15	74086267	74182563	96296	ETFA	60.21	26.23	32.43	29.44	37.25	32.60	31.42	53.20	47.93	49.24	47.33	64.27	46.19	42.72	44.42	36.40	37.82	32.37	35.20	34.78	37.24	36.34	51.27	38.57	44.16	41.58	33.25	41.99	57.55	32.10	37.51	38.99	41.67	38.88	38.80	48.44	39.46	36.84	57.04	36.48	45.72	45.13	35.35	37.36	43.83	60.34	46.74	50.93	42.59	45.55	41.41	44.77	32.98	32.99	36.41	34.95	37.74	36.37	36.47	41.96	40.47	40.18	45.80	48.67	45.41	47.40	44.32	43.03	43.97	37.12	51.33	47.08	46.59	46.65
chr15	82391704	82406696	14992	WDR73	53.64	25.78	32.99	29.13	34.79	30.60	29.41	50.84	48.03	49.70	45.90	58.94	41.58	43.45	42.06	33.88	37.31	29.82	33.78	31.87	34.52	34.62	45.41	37.86	41.02	38.61	34.82	41.11	50.89	31.41	32.92	34.45	41.16	35.91	36.58	44.09	37.61	34.42	54.41	35.10	45.33	41.92	32.24	33.95	38.43	53.20	41.72	54.37	38.38	46.56	37.55	48.25	32.17	29.05	33.10	30.83	34.57	33.75	33.61	37.44	34.82	38.19	41.21	42.55	41.27	40.00	38.30	37.95	38.31	34.00	48.29	42.50	41.58	46.19
chr15	87071146	87089647	18501	POLG	56.12	27.80	36.86	30.40	34.86	31.55	32.47	56.59	51.60	51.48	43.66	59.32	37.57	41.82	40.60	34.86	36.94	30.44	33.90	35.43	35.36	34.08	47.89	38.20	42.88	39.55	36.98	46.68	50.64	28.96	32.18	38.33	44.10	36.42	37.19	47.19	37.61	34.80	55.37	35.10	44.49	44.51	31.29	33.13	37.86	52.99	45.23	52.65	35.33	52.59	43.16	50.50	31.29	31.51	34.00	32.73	31.79	33.96	31.16	38.06	37.25	33.75	42.74	44.44	39.48	41.78	37.86	37.17	38.08	34.49	46.96	41.96	44.61	48.20
chr16	684484	686876	2392	STUB1	56.34	26.53	43.43	33.11	37.30	30.75	31.23	60.42	57.31	51.45	51.09	62.60	40.65	45.84	37.43	33.39	37.75	28.66	37.95	41.66	35.43	37.89	53.28	36.69	44.31	39.44	34.82	51.31	55.14	23.51	32.49	38.32	51.56	38.64	37.75	47.17	45.11	38.17	56.69	34.28	45.77	44.73	31.97	31.61	40.64	44.22	44.57	47.68	32.55	67.09	48.45	65.27	32.28	32.02	35.97	34.18	28.67	34.22	33.23	34.79	38.76	33.16	35.48	38.66	42.08	34.73	35.57	35.11	34.65	36.26	47.53	40.21	42.68	54.28
chr16	726755	731054	4299	CCDC78	54.93	29.41	42.38	32.85	35.70	31.58	27.31	60.20	59.09	63.04	49.10	63.87	33.25	40.12	33.06	31.50	34.51	27.33	34.08	36.51	38.57	35.88	49.46	37.80	39.41	36.43	39.15	53.70	48.60	24.67	32.02	38.85	45.32	40.74	38.41	52.43	36.12	35.32	52.53	35.30	44.59	44.76	26.56	28.95	35.76	49.83	44.92	47.44	35.87	60.44	47.02	62.59	32.19	28.38	34.28	32.23	26.13	31.46	29.71	36.41	36.12	28.83	35.28	44.07	39.37	33.95	33.77	32.75	33.13	32.82	46.12	46.18	40.70	60.73
chr16	1722042	1786181	64139	MAPK8IP3	54.84	22.85	34.33	27.15	33.84	29.25	26.08	52.37	50.30	50.35	46.29	58.04	36.76	42.76	36.45	33.36	33.93	29.36	34.31	34.59	34.54	32.54	43.95	36.85	41.64	39.36	36.77	45.41	50.11	26.62	31.68	35.41	43.49	38.36	35.82	45.38	37.44	33.67	53.19	35.11	44.93	43.11	28.83	32.00	36.75	51.10	44.36	49.45	33.49	53.63	42.87	52.91	29.04	28.92	32.70	30.61	30.85	31.14	30.03	35.60	35.22	32.27	36.91	42.33	40.07	35.59	35.06	34.90	35.96	34.53	45.85	43.57	41.98	50.23
chr16	2497256	2527862	30606	TBC1D24	57.52	25.33	37.93	28.06	35.66	28.72	27.77	54.06	52.53	50.82	46.19	60.26	38.48	41.89	37.82	35.22	34.89	29.29	33.98	35.10	35.59	33.49	45.51	39.04	42.10	40.13	36.24	45.61	49.20	27.50	31.72	36.95	44.27	37.75	37.16	46.96	37.92	34.65	54.45	34.97	43.80	43.37	30.84	33.08	37.93	52.70	43.25	50.76	34.54	52.32	43.04	52.42	29.36	29.48	33.15	31.78	32.33	31.63	30.37	36.51	36.00	33.78	38.04	43.81	40.34	38.38	36.53	34.52	36.86	35.25	46.71	43.33	42.82	50.45
chr16	11583826	11623552	39726	LITAF	55.50	23.59	31.64	27.37	35.79	29.58	28.19	51.30	48.97	49.20	44.99	60.30	41.92	42.97	41.26	33.28	35.49	30.92	35.84	34.69	35.34	34.37	47.06	37.22	41.21	40.16	35.12	43.78	51.58	29.48	34.19	36.67	41.96	36.61	36.41	44.53	39.29	35.80	56.33	35.01	44.12	44.01	31.68	33.87	38.42	54.87	44.97	52.98	38.03	48.81	39.94	47.16	30.71	30.77	32.16	32.50	34.42	32.76	32.72	38.94	37.00	36.38	39.90	43.62	42.18	43.04	40.21	38.23	38.24	35.56	48.76	44.10	43.93	49.24
chr16	15708066	15861962	153896	MYH11	56.59	24.64	32.20	27.33	35.24	29.67	28.07	52.76	48.36	48.96	45.28	61.11	42.26	43.62	41.30	34.11	35.95	31.67	34.07	35.18	35.87	34.26	45.94	37.29	41.46	39.18	34.11	43.09	52.76	29.73	34.82	36.88	40.48	37.12	36.38	44.29	38.56	35.04	55.79	35.01	45.23	44.36	31.50	34.53	38.55	54.62	44.26	53.73	37.99	47.88	40.73	47.66	30.00	30.62	32.79	31.75	35.01	34.30	32.89	38.66	36.29	36.82	41.41	44.64	41.15	42.02	39.10	38.33	38.71	34.85	47.85	44.39	44.33	47.48
chr16	18728101	18737985	9884	ARL6IP1	58.49	27.83	34.91	30.17	37.84	32.20	32.10	54.52	49.72	49.23	46.99	66.74	45.63	45.97	47.05	36.68	38.90	31.32	34.91	36.27	36.59	38.20	54.15	40.53	43.74	44.61	35.41	45.28	58.39	34.26	38.90	38.75	44.45	36.91	36.25	52.84	40.17	39.39	60.35	39.40	47.72	46.31	36.88	38.34	45.34	61.98	46.52	58.64	44.36	49.58	41.72	46.08	33.11	33.94	35.94	36.84	40.79	39.38	37.34	44.79	42.76	39.24	47.94	47.95	46.39	49.48	43.76	42.86	46.94	37.36	53.03	48.08	46.14	46.79
chr16	18998448	19010962	12514	COQ7	56.57	23.55	31.63	27.65	36.23	28.90	27.77	51.14	46.88	49.60	45.08	60.96	44.87	44.49	43.56	33.99	35.48	32.75	34.90	34.89	36.29	35.71	48.08	41.12	44.85	39.56	34.76	44.37	53.88	30.15	35.93	39.14	41.71	36.32	36.80	46.44	39.31	36.31	57.07	33.79	48.01	46.40	30.35	36.10	39.59	56.11	46.22	55.43	39.06	48.14	41.60	47.35	32.63	32.99	33.21	33.08	37.98	35.34	32.73	40.56	37.76	39.09	41.59	45.94	43.95	43.75	41.65	38.92	40.59	35.92	49.56	45.50	44.41	47.96
chr16	22233530	22263842	30312	UQCRC2	59.59	26.99	32.07	30.19	36.76	31.30	32.65	52.44	48.52	48.09	46.92	63.08	46.44	44.39	44.62	36.71	38.85	32.00	36.23	34.91	36.45	36.11	49.94	40.03	44.30	43.24	34.45	43.07	57.66	31.01	37.41	39.34	40.99	37.81	39.43	49.72	40.06	35.70	57.37	35.05	45.46	45.35	34.59	37.90	42.13	60.02	45.69	47.22	42.42	46.67	42.14	45.85	33.75	32.31	36.39	34.18	38.63	36.78	35.58	42.16	39.14	40.63	47.43	48.38	44.37	46.22	44.68	43.26	43.93	37.92	51.98	47.25	46.56	47.09
chr16	29158987	29184960	25973	ATP2A1	52.43	23.71	32.59	25.90	33.73	28.15	26.26	52.97	49.98	48.43	43.99	56.79	36.63	40.64	37.69	32.09	33.42	28.96	33.43	32.97	35.54	32.11	44.67	37.68	40.38	37.25	35.11	43.31	48.90	26.27	31.28	34.33	40.54	36.82	33.32	43.03	35.87	33.14	52.41	34.55	41.08	42.54	28.74	31.43	35.57	49.87	42.19	49.91	34.29	51.39	41.38	49.49	28.27	28.22	30.85	28.82	29.75	30.70	28.99	34.55	33.24	31.90	36.54	40.49	38.15	37.01	36.21	33.39	36.44	33.54	43.04	43.35	39.97	48.68
chr16	30094358	30098044	3686	PRRT2	47.57	23.84	34.79	27.15	29.43	24.75	24.39	54.57	54.41	52.69	40.78	53.51	31.11	36.42	32.93	30.37	32.97	27.26	32.07	33.31	37.90	30.78	39.69	32.22	34.96	33.16	36.34	42.39	49.45	24.33	25.41	30.06	37.82	34.16	35.39	44.15	36.71	31.95	43.43	33.57	40.24	39.45	23.47	24.68	29.92	46.89	41.40	43.79	27.60	50.25	41.13	44.46	23.21	22.12	27.43	26.41	25.69	29.03	26.23	29.43	30.22	27.47	29.23	33.96	33.18	28.95	30.15	28.97	28.26	28.89	38.52	41.09	35.92	50.08
chr16	30757136	30764194	7058	MYL11	54.10	22.37	35.26	26.17	35.07	28.34	27.10	52.89	51.92	51.18	44.27	59.02	38.30	39.61	38.66	31.22	34.57	28.33	31.09	32.88	33.99	32.06	45.16	37.65	41.30	40.21	35.01	44.80	50.84	27.16	33.87	36.50	42.87	35.54	34.63	40.97	37.45	33.17	53.03	34.26	43.10	44.04	28.72	31.98	34.25	52.92	44.33	51.98	34.11	50.49	43.28	50.51	28.20	28.17	31.80	30.74	31.56	32.05	27.91	35.02	37.30	33.36	35.22	41.28	36.98	38.57	35.03	34.07	35.82	32.30	45.87	42.13	40.24	47.32
chr16	31567540	31582292	14752	FUS	58.39	25.53	33.87	28.86	38.55	31.57	29.23	53.43	51.35	50.89	45.87	62.34	43.33	44.50	43.55	36.21	38.59	31.37	34.87	36.17	38.74	35.40	49.04	38.24	44.08	41.45	35.40	44.73	53.23	31.50	36.83	38.15	42.88	39.06	37.38	48.23	41.34	36.72	56.35	36.92	45.11	47.16	33.96	37.12	42.75	57.50	43.87	52.23	38.42	50.96	41.90	49.52	33.17	30.76	33.38	33.92	35.63	36.50	35.00	41.42	38.69	37.79	43.56	46.50	43.34	44.74	42.19	39.79	41.15	36.63	48.37	46.29	45.59	47.64
chr16	31815128	31815775	647	COX6A2	51.85	21.11	31.18	34.31	26.16	21.80	20.28	32.02	31.35	28.83	40.40	52.36	30.51	32.90	36.94	28.58	31.15	29.41	31.62	33.14	30.73	29.21	39.05	28.64	29.09	33.79	36.91	43.15	35.45	16.60	24.49	26.83	43.85	30.82	34.82	38.80	36.39	22.89	47.75	30.82	39.39	37.93	23.86	29.44	32.04	54.50	39.60	34.72	36.48	49.11	44.82	49.29	27.47	27.24	32.08	26.61	26.64	24.35	27.37	30.82	33.23	27.15	31.48	40.49	25.66	27.59	24.62	26.02	26.83	25.77	29.76	35.03	29.77	58.20
chr16	52452995	52486052	33057	VPS35	61.28	26.76	33.68	31.22	37.77	32.97	32.06	52.52	49.76	49.06	46.62	63.97	46.63	43.59	45.85	36.41	39.36	32.53	35.40	34.65	37.53	37.69	52.57	42.29	44.14	41.46	33.38	42.86	61.17	32.64	38.58	40.05	40.32	38.71	39.23	50.03	39.58	37.95	59.19	35.14	46.19	46.28	35.34	38.77	44.13	61.25	47.99	48.78	44.22	46.25	40.07	45.37	33.60	33.94	36.74	35.54	38.35	35.40	38.38	43.96	42.07	40.87	45.70	49.86	45.33	48.23	46.14	43.90	44.15	37.63	51.84	48.56	48.32	46.11
chr16	52681246	52728152	46906	GPT2	56.57	25.22	33.20	28.22	34.43	28.82	29.45	52.96	49.79	50.97	45.58	59.85	39.20	41.33	39.59	33.86	34.89	31.28	32.93	33.81	35.52	32.77	44.23	37.04	42.11	39.73	34.69	44.96	51.47	28.48	32.53	35.36	41.63	36.92	35.85	45.00	37.66	35.18	55.24	35.17	45.06	44.37	30.90	33.17	36.93	53.21	43.61	51.66	35.76	50.22	40.44	50.17	29.90	30.71	32.77	31.73	34.02	32.81	31.63	37.48	35.84	35.77	39.25	42.76	41.41	40.09	37.64	37.08	37.94	34.52	47.78	42.93	42.80	48.65
chr16	53258116	53498326	240210	PHKB	61.37	28.31	32.28	31.35	37.23	32.76	32.86	53.37	48.92	49.44	47.97	63.84	47.48	42.22	45.98	36.82	38.76	32.19	34.93	34.45	37.82	36.91	51.96	40.15	45.19	42.50	33.70	42.47	59.02	32.43	38.15	40.37	40.94	38.52	39.89	50.52	39.81	36.96	56.72	35.98	45.76	45.42	35.87	37.85	43.86	61.41	47.00	40.89	43.49	44.77	40.71	44.25	33.97	34.62	36.78	35.48	38.46	37.36	37.07	44.05	41.30	41.66	46.58	49.61	46.58	48.44	45.63	44.07	44.46	37.63	52.38	47.46	48.01	46.44
chr16	56539726	56599616	59890	CYLD	63.22	28.52	33.26	31.99	37.32	32.78	33.52	53.66	48.12	47.99	48.20	64.11	47.95	41.14	47.18	37.62	39.84	31.82	34.45	34.63	39.78	37.92	53.27	40.71	45.11	42.13	33.70	42.99	61.21	32.74	37.83	40.48	41.14	38.06	40.63	51.77	39.97	37.85	56.16	36.62	45.53	45.90	36.38	38.22	44.60	62.95	46.87	36.01	44.12	44.71	41.54	43.73	34.60	33.40	36.10	35.80	39.34	37.23	38.14	44.97	42.32	42.19	48.48	50.21	48.11	50.02	46.82	44.14	45.68	38.25	53.89	48.65	48.18	46.89
chr16	61986533	62152480	165947	GNAO1	57.45	27.06	34.16	30.47	35.70	30.21	30.87	54.19	50.63	50.81	46.47	60.70	41.86	42.79	39.92	33.96	36.39	30.97	33.89	35.03	35.65	34.67	47.42	37.68	41.59	40.35	34.84	44.56	54.29	29.12	34.51	37.39	41.46	37.77	36.57	47.66	37.68	35.10	56.14	35.03	45.10	44.20	32.26	34.07	39.00	55.00	45.33	51.76	37.28	50.37	40.95	49.30	30.96	32.10	35.21	32.62	34.57	34.27	33.65	39.77	37.97	36.25	41.19	45.03	41.74	42.42	39.98	38.01	39.89	34.93	47.75	44.74	44.60	48.56
chr16	62156497	62220616	64119	AMFR	58.23	25.85	33.25	30.23	36.73	31.28	30.91	51.87	48.51	48.38	46.19	61.01	45.02	42.94	44.40	35.46	37.30	31.82	33.87	34.35	35.64	35.20	49.58	37.73	43.20	41.13	33.13	42.41	56.78	31.13	35.68	37.83	41.33	37.63	38.28	48.80	38.47	36.12	55.49	34.88	46.02	45.78	34.41	36.30	41.68	58.06	45.00	48.80	40.42	46.11	40.04	45.20	32.50	32.43	34.87	33.63	36.64	35.82	34.92	41.75	40.56	39.17	44.03	45.74	44.28	45.29	42.76	41.90	42.44	37.33	49.90	46.14	45.84	46.46
chr16	72221511	72289583	68072	BEAN1	55.57	25.63	33.54	28.98	34.68	29.13	30.18	54.35	50.61	49.50	45.08	60.37	38.99	42.50	39.12	33.20	35.06	30.15	33.12	33.82	35.61	34.28	47.10	36.63	39.61	38.32	34.76	44.06	51.59	28.39	32.87	36.32	41.32	36.72	36.35	46.02	37.35	34.24	54.66	33.94	43.90	43.67	31.42	33.04	38.68	53.71	43.49	52.25	36.85	48.71	40.13	47.19	30.21	29.79	34.10	31.07	32.59	32.77	31.92	37.54	36.06	34.44	39.11	43.08	40.96	40.22	38.36	36.65	37.92	34.29	46.53	43.51	43.06	48.32
chr16	72302295	72344586	42291	TK2	55.64	25.29	33.54	28.98	35.14	30.11	29.84	53.14	49.84	50.01	44.82	59.03	40.53	42.71	40.79	33.84	34.87	30.44	34.33	34.26	35.04	33.99	46.22	36.48	41.45	39.64	34.95	43.99	53.11	28.27	33.03	35.61	42.11	36.55	35.59	43.98	36.67	35.14	55.64	35.27	45.34	43.85	31.91	34.02	37.83	54.42	44.18	53.49	36.60	49.34	40.06	48.52	30.87	30.17	33.06	31.11	33.69	33.47	32.20	37.14	37.25	35.98	40.50	44.74	40.96	42.51	39.64	38.14	37.72	35.14	47.27	44.09	43.01	48.10
chr16	76063290	76100495	37205	AARS1	53.44	22.04	31.87	24.66	35.78	28.38	26.00	50.54	47.30	48.22	42.58	58.81	40.06	41.58	39.29	33.57	35.05	30.77	33.79	34.12	34.13	32.88	44.24	36.93	39.60	38.07	33.63	42.56	49.41	27.74	33.64	34.98	40.42	36.27	34.44	40.71	37.43	34.59	54.62	35.50	43.16	42.79	30.37	32.66	38.45	53.28	41.79	53.16	36.18	47.42	40.81	46.50	28.57	29.66	32.85	30.75	33.01	32.53	31.83	37.40	35.08	34.91	39.79	42.69	40.43	40.45	39.05	36.99	37.65	34.76	47.50	43.17	42.49	48.51
chr16	80759708	80821550	61842	FA2H	55.37	24.35	34.03	28.68	35.38	29.45	29.03	53.44	50.38	50.58	45.29	60.61	39.77	43.25	39.72	32.34	35.25	31.01	34.49	34.33	35.50	34.28	46.60	37.59	41.40	39.19	34.65	43.72	52.71	28.03	33.41	35.26	40.71	37.30	36.85	44.62	37.99	34.80	54.75	34.04	44.36	43.81	31.04	33.05	37.85	53.72	44.28	53.81	37.07	48.69	39.43	48.26	30.20	30.66	33.33	30.85	34.17	33.74	32.08	36.54	36.52	35.07	39.49	44.04	40.59	40.09	38.98	36.91	38.23	34.39	46.94	44.01	43.24	47.81
chr16	81676019	81695962	19943	KARS1	60.35	25.06	33.14	26.91	38.11	30.90	29.86	53.17	47.93	50.31	48.00	62.17	44.78	44.49	45.23	37.60	37.53	32.76	35.36	35.47	36.23	36.23	49.10	38.30	41.70	42.58	34.13	42.57	55.83	31.46	36.95	39.28	40.12	37.61	37.39	49.12	41.05	36.34	57.71	37.39	46.51	47.40	33.46	35.91	40.32	58.16	44.60	59.20	40.25	48.93	40.67	47.02	32.50	32.30	35.33	34.14	37.33	37.64	35.14	40.63	39.22	39.22	44.93	46.58	43.69	45.93	43.59	39.49	42.01	35.37	50.93	46.17	47.10	47.94
chr16	84155398	85268915	1113517	WWOX	58.94	26.13	31.38	28.71	36.69	31.04	30.23	52.35	47.91	48.91	46.19	62.35	44.96	43.29	42.98	35.51	37.37	32.35	35.01	34.70	36.43	36.03	50.29	38.84	42.79	41.33	33.81	42.54	55.55	31.50	36.34	38.50	41.05	37.75	37.99	48.68	38.70	36.36	56.75	34.89	45.41	44.71	34.41	36.91	41.43	58.90	45.95	50.02	41.12	47.10	39.92	46.47	32.50	33.56	35.89	33.94	37.04	36.17	36.03	41.84	39.86	39.69	44.99	47.19	44.13	44.52	43.28	41.13	42.18	36.39	51.01	46.53	46.28	46.69
chr16	87375727	87451557	75830	GAN	60.12	27.40	32.62	30.47	36.78	31.25	32.54	51.59	48.67	49.86	46.94	63.31	45.57	43.39	45.29	36.48	38.21	32.08	35.17	35.39	37.90	36.71	51.60	39.69	44.01	42.70	33.97	43.81	58.05	32.24	37.75	39.86	41.89	37.89	39.37	49.50	39.35	36.65	58.68	36.17	46.27	45.21	34.68	37.31	42.53	60.26	46.57	49.95	42.09	47.21	41.20	46.31	34.14	33.62	36.21	34.43	37.82	37.29	36.28	42.92	40.95	41.08	46.04	48.16	45.72	48.30	43.95	41.86	43.40	37.10	51.63	46.51	46.58	47.39
chr16	95589028	95638316	49288	SPG7	56.44	23.50	35.29	27.92	36.03	29.54	29.16	54.29	49.83	50.25	46.58	59.97	41.11	44.50	40.15	33.79	36.92	31.49	35.36	36.18	35.98	34.64	45.58	36.43	41.88	40.65	35.24	45.01	52.36	28.47	34.08	37.39	43.39	37.46	36.23	45.90	39.67	36.27	56.75	35.99	45.77	45.81	30.75	34.24	38.29	54.21	45.74	55.07	38.16	52.12	43.13	51.23	30.45	30.04	32.73	32.34	33.94	34.08	32.79	37.94	38.02	36.68	40.21	43.75	40.17	41.20	38.00	36.94	38.22	34.76	47.48	44.67	42.87	48.89
chr16	96008169	96022338	14169	TUBB3	53.82	24.03	37.14	26.65	33.80	30.84	26.52	52.07	54.46	51.60	43.94	60.47	36.58	40.59	38.55	32.35	35.90	30.74	34.15	36.62	38.68	35.32	44.45	37.60	42.19	39.31	37.76	48.42	51.64	27.12	29.97	35.80	44.03	38.31	36.49	45.10	37.38	32.32	53.04	32.54	46.22	44.88	29.35	32.39	35.41	51.85	44.96	49.14	34.04	54.28	41.97	52.69	27.55	28.45	32.95	29.44	30.92	31.61	29.03	36.72	36.78	32.74	35.76	41.26	40.10	35.60	34.87	35.01	34.66	33.39	44.78	43.10	41.29	54.54
chr17	1383333	1405368	22035	INPP5K	55.04	24.67	35.04	27.22	34.50	27.40	28.05	53.25	51.48	50.07	44.10	59.20	39.86	41.61	37.94	32.56	34.14	29.78	34.75	34.26	34.98	33.09	46.27	36.00	39.66	37.80	34.07	42.74	51.52	27.74	31.60	36.42	41.64	36.71	35.05	44.36	37.65	35.14	54.76	35.11	44.96	44.13	30.15	32.08	36.12	52.11	43.04	52.61	35.99	51.77	40.19	53.08	30.55	29.43	31.52	31.28	31.71	30.86	31.51	37.11	36.10	33.53	38.16	42.30	40.10	39.53	37.59	36.19	36.66	34.04	47.25	43.94	42.87	49.30
chr17	1605451	1627518	22067	WDR81	56.92	24.38	35.18	28.68	35.27	29.85	26.47	55.75	52.17	52.19	46.77	60.12	38.40	44.95	37.94	32.66	36.24	29.80	35.54	35.82	37.32	35.18	45.25	37.39	41.16	39.38	37.57	45.91	51.11	27.05	32.10	37.88	43.50	39.37	37.21	44.32	38.77	33.89	55.73	36.05	45.69	43.53	30.09	32.87	38.75	51.83	45.66	50.52	35.02	53.88	43.74	54.09	31.39	29.91	33.28	31.52	29.78	32.38	28.91	36.69	34.38	31.77	37.67	43.11	40.44	36.47	35.82	34.22	35.13	35.17	46.78	44.99	41.76	52.21
chr17	3363012	3392307	29295	ASPA	59.62	27.71	33.29	31.17	37.45	30.98	32.77	52.26	47.36	49.29	48.18	61.57	46.36	42.77	43.49	35.75	37.80	32.20	34.48	35.47	36.97	35.82	49.74	38.89	43.01	41.12	33.78	41.88	58.06	30.68	38.33	37.87	41.82	38.28	38.14	48.64	39.27	37.11	56.19	34.74	44.80	43.81	34.42	37.65	43.75	58.19	46.24	51.06	42.84	47.93	40.53	45.72	31.64	33.13	36.20	34.96	37.65	35.81	33.97	42.25	39.82	38.96	46.94	48.85	44.86	46.59	44.51	42.21	41.83	36.23	50.72	45.68	45.83	47.69
chr17	4788019	4793346	5327	CHRNE	55.51	24.26	35.34	31.21	34.11	28.86	28.93	54.06	53.33	47.70	42.28	60.21	30.75	39.50	33.31	31.45	35.24	26.81	31.52	34.13	34.44	34.28	45.09	35.98	38.71	37.68	36.92	49.42	46.64	24.09	31.31	35.98	43.85	35.64	37.16	49.47	35.82	31.27	52.55	32.05	43.38	39.77	27.97	26.67	34.75	46.64	42.56	45.92	30.88	52.67	43.99	50.54	28.11	27.81	30.05	27.31	28.52	26.94	27.15	34.89	30.64	28.76	33.36	39.68	37.25	35.06	29.26	31.31	31.59	30.77	40.27	41.08	38.30	53.02
chr17	4835999	4838878	2879	PFN1	48.86	21.77	33.14	29.80	31.10	25.29	26.96	51.56	52.88	50.53	42.52	51.27	32.70	33.67	36.81	30.77	32.02	27.65	30.68	28.39	33.36	32.28	42.53	37.39	36.65	36.25	34.58	39.96	40.10	21.15	28.86	35.45	43.82	34.03	33.42	46.44	33.10	31.54	52.84	29.99	37.15	40.51	25.15	27.06	34.78	44.25	40.52	42.87	27.92	47.49	39.89	49.59	26.83	25.02	27.48	28.29	27.07	28.12	28.66	29.69	30.39	29.77	32.42	40.19	36.85	33.17	30.03	29.15	32.40	30.45	34.65	37.52	34.93	46.12
chr17	4840898	4847443	6545	ENO3	56.50	25.52	33.12	26.92	34.64	28.75	28.89	55.04	50.21	49.67	46.77	63.60	38.44	44.07	36.38	32.08	32.58	29.41	33.87	34.54	34.40	34.17	45.44	37.71	43.77	40.47	36.35	46.23	52.06	27.94	31.18	35.57	43.63	37.38	37.29	47.92	36.21	33.40	54.24	36.78	44.64	43.90	29.76	33.52	37.37	52.07	44.80	54.09	36.76	53.70	45.49	53.39	30.59	29.63	32.83	31.91	30.63	31.25	31.77	37.55	35.73	36.22	38.63	42.15	38.66	37.04	34.99	37.71	33.86	34.79	47.09	45.50	42.45	51.56
chr17	4888273	4918727	30454	KIF1C	52.64	23.56	33.72	27.86	33.95	28.07	27.36	50.18	47.94	50.56	43.20	57.34	34.86	41.78	37.49	31.52	32.79	27.64	32.67	31.65	34.58	31.73	42.74	33.85	38.64	37.88	35.05	44.48	49.49	26.44	30.85	33.89	39.42	34.89	33.55	43.12	36.20	32.77	52.10	34.18	44.20	42.92	29.17	30.26	36.16	48.86	41.35	48.75	35.15	49.87	40.39	50.14	27.40	28.84	30.21	28.62	29.72	30.17	30.52	33.59	33.17	33.18	36.48	40.21	37.59	35.66	35.29	33.81	35.91	33.71	42.40	41.06	39.39	48.78
chr17	4922929	4925754	2825	SLC52A1	59.01	26.45	38.98	27.36	35.59	29.10	34.10	55.90	53.43	52.51	43.59	55.25	34.65	41.25	37.71	33.50	32.51	29.54	30.57	33.68	35.53	33.28	43.58	34.41	42.61	41.31	37.55	45.85	49.16	26.82	31.01	35.00	43.00	37.57	40.57	41.73	36.45	32.64	57.70	35.78	39.66	38.74	30.97	32.45	39.32	50.97	46.09	45.35	35.59	52.33	39.37	49.97	26.74	28.73	33.10	31.07	30.54	28.85	29.15	33.85	32.10	30.56	38.62	39.32	40.16	39.00	33.41	31.91	34.49	32.68	45.65	43.74	42.06	51.74
chr17	5278569	5313398	34829	NUP88	57.78	25.68	31.93	28.36	38.09	31.22	30.06	51.52	48.49	50.12	46.23	61.81	44.70	43.88	43.48	35.30	38.17	31.96	36.30	35.22	36.86	36.20	48.61	40.14	43.60	41.44	33.12	41.93	54.01	31.76	36.91	37.14	40.87	37.97	38.98	46.13	40.43	37.13	56.73	34.88	45.24	46.43	33.19	35.93	41.90	58.68	45.46	51.25	40.60	45.26	41.41	46.25	32.77	31.69	34.27	33.84	37.83	35.06	35.46	40.88	40.13	39.43	44.47	47.28	43.99	47.32	44.44	42.11	41.70	36.74	52.54	44.97	45.88	47.60
chr17	5326512	5332892	6380	C1QBP	59.91	23.27	33.64	27.39	36.77	33.67	30.01	49.98	48.35	48.36	43.50	64.97	46.21	44.99	42.60	37.37	37.22	30.10	36.95	37.79	36.25	36.84	49.40	40.24	43.28	42.24	34.56	41.92	55.51	28.81	36.51	39.34	40.18	36.52	39.35	48.75	41.08	35.88	57.46	35.63	44.08	44.75	35.49	34.15	40.22	54.92	47.89	50.24	42.02	47.11	40.91	49.81	30.61	30.46	35.08	32.91	35.29	33.46	34.38	41.09	39.25	38.66	43.49	46.96	44.54	46.34	37.47	41.98	39.43	35.21	50.03	46.44	45.56	46.44
chr17	7118035	7126177	8142	ACADVL	49.64	23.49	35.03	26.56	33.08	25.70	28.33	52.26	47.04	51.09	42.63	54.57	33.45	36.36	33.86	29.92	31.80	25.90	28.27	28.85	31.68	30.35	40.80	32.86	37.63	37.62	36.22	42.38	44.45	23.47	28.65	31.97	39.74	33.52	34.22	42.26	33.79	29.41	46.73	31.61	41.01	39.03	25.86	27.21	34.03	46.73	39.19	45.29	30.88	51.43	38.80	49.61	30.00	27.74	29.56	28.78	28.29	28.27	25.91	32.95	32.31	30.78	33.65	36.14	36.53	32.95	34.36	32.29	31.91	30.42	42.80	40.16	39.11	50.88
chr17	7349119	7361750	12631	CHRNB1	53.96	21.68	32.55	25.06	32.59	27.83	25.43	49.97	49.08	48.69	40.06	54.56	38.27	39.79	38.03	31.95	33.85	28.70	31.70	32.28	34.56	31.72	42.24	35.92	40.26	36.51	33.71	41.74	47.05	26.89	32.38	32.43	42.24	35.61	32.37	42.23	35.42	31.80	53.13	32.90	42.53	40.82	28.96	31.38	36.68	48.47	41.32	47.09	33.31	46.34	38.09	47.32	28.64	25.93	31.42	31.13	32.22	29.94	28.78	34.62	32.93	33.18	36.61	41.52	38.91	36.42	35.48	34.23	33.14	33.61	44.50	41.73	38.46	47.34
chr17	8131044	8154277	23233	CTC1	55.07	24.28	31.54	27.23	35.64	30.11	28.92	50.38	46.87	48.44	43.86	57.89	41.28	43.16	39.68	33.28	34.75	29.82	34.18	33.24	35.56	33.86	45.37	37.51	40.29	38.35	33.85	42.55	51.51	27.52	33.59	36.31	40.89	36.11	36.16	44.46	37.12	34.31	55.18	34.10	44.55	43.25	31.89	32.69	36.11	51.77	42.86	51.29	37.34	46.92	40.98	46.80	31.20	29.11	32.02	30.58	32.97	32.35	33.89	37.97	36.51	34.63	40.10	42.80	38.84	41.22	38.37	37.69	36.80	35.26	47.34	42.98	42.61	47.93
chr17	8786071	8872872	86801	PIK3R5	57.04	26.07	32.50	28.98	35.24	29.70	29.80	53.87	48.64	49.23	44.85	60.15	41.56	41.81	41.13	34.58	36.39	30.16	33.24	33.72	35.81	34.81	47.37	38.39	42.20	40.15	34.89	43.38	54.23	29.39	34.56	37.07	41.47	36.93	36.33	45.85	37.48	34.71	55.06	34.27	44.17	43.24	31.98	34.40	39.04	55.53	44.39	48.86	38.40	47.29	39.70	46.98	30.98	30.25	33.39	31.95	34.34	33.57	33.62	38.84	37.76	36.73	41.18	44.20	41.33	41.92	39.39	38.61	38.90	34.61	47.72	44.79	44.34	47.60
chr17	10297823	10329456	31633	MYH8	60.27	29.54	32.38	32.78	37.47	32.84	34.28	54.04	48.95	49.88	48.21	64.14	47.62	42.75	45.05	38.09	38.41	32.61	36.10	35.18	37.88	38.57	51.30	40.32	43.55	44.34	34.18	42.47	59.00	32.15	37.84	41.57	41.08	38.32	40.20	52.22	39.95	37.32	59.08	35.95	46.53	46.69	37.36	38.81	43.34	60.08	48.23	44.01	44.19	46.80	41.76	44.22	33.64	34.50	38.10	37.07	37.15	37.37	36.67	44.82	42.51	41.88	48.01	48.79	46.50	49.45	45.27	44.48	43.98	36.32	52.36	47.15	48.17	47.17
chr17	10428657	10457214	28557	MYH2	60.18	28.85	32.54	30.29	37.97	32.51	33.01	54.29	49.09	49.97	47.82	65.08	48.61	43.08	44.57	35.70	38.55	32.77	34.77	34.42	37.56	37.84	54.51	39.92	45.18	43.77	33.61	42.91	57.57	31.29	37.62	39.51	41.34	38.23	39.97	52.59	39.52	36.44	59.17	36.51	45.65	44.92	35.22	37.22	42.80	62.53	45.48	50.19	43.28	45.96	41.19	44.55	33.01	33.82	37.14	35.17	37.98	37.25	37.54	44.52	42.68	40.84	45.79	48.40	45.55	47.41	43.33	43.00	44.08	38.20	51.39	47.13	46.50	47.17
chr17	10536103	10564858	28755	MYH3	55.20	25.54	32.46	28.61	36.86	28.94	28.85	53.00	50.46	49.32	45.38	60.88	43.38	43.44	42.05	32.57	36.84	31.29	35.99	34.37	35.25	34.36	46.81	38.18	43.43	39.97	34.64	43.49	53.06	29.48	33.65	37.94	39.35	37.23	36.71	45.16	38.75	35.58	55.37	34.43	45.94	44.76	32.38	33.51	38.59	51.75	44.34	55.23	38.46	48.38	38.65	47.88	30.54	31.80	35.04	32.07	35.54	34.09	34.29	39.01	38.01	36.29	42.01	44.39	40.77	41.38	39.37	37.61	38.06	35.26	49.10	42.42	43.71	47.79
chr17	13977313	14116468	139155	COX10	61.94	28.47	32.11	30.33	37.07	32.42	33.07	53.56	49.35	50.32	47.39	64.44	47.47	43.01	45.08	37.34	39.13	32.75	35.39	35.01	38.35	37.37	52.56	40.50	45.02	43.20	34.30	42.78	58.79	32.56	38.37	40.82	41.84	38.45	39.60	51.55	39.97	37.41	57.24	35.13	46.08	46.08	35.84	38.06	43.82	62.52	47.17	37.17	43.51	45.42	40.79	44.14	34.47	34.00	37.63	35.55	38.89	37.96	38.04	43.92	41.96	41.69	46.73	49.81	45.80	47.96	45.99	43.69	44.84	37.35	52.23	47.53	48.43	46.69
chr17	15135786	15171333	35547	PMP22	56.77	27.44	33.93	30.11	36.98	31.29	31.49	53.14	49.69	50.23	47.30	60.70	44.89	44.00	42.04	34.90	37.56	32.29	34.86	33.39	37.21	36.12	49.38	38.46	43.44	41.20	34.30	43.91	55.64	29.80	35.26	38.84	42.08	38.40	38.83	49.61	38.58	36.39	56.58	34.59	45.31	44.14	33.50	35.67	40.91	57.49	45.79	50.22	39.91	47.41	40.72	46.23	33.49	33.00	35.74	33.80	36.93	35.50	34.39	40.55	39.22	38.30	42.18	46.31	43.29	43.92	41.93	39.86	41.11	35.53	49.95	46.40	44.44	48.22
chr17	15902039	15931616	29577	TTC19	60.13	27.79	32.72	30.01	36.73	30.87	32.31	53.47	48.92	49.69	45.42	63.42	45.65	42.19	45.34	36.51	38.04	31.80	33.47	36.08	37.19	37.72	51.50	39.00	44.09	42.41	34.09	42.12	56.72	32.20	37.10	37.91	40.61	37.41	38.31	48.28	40.28	35.95	57.91	34.88	44.74	43.93	35.06	36.78	43.36	58.92	45.85	44.74	41.93	47.10	41.21	45.01	33.77	33.02	35.49	32.90	37.65	36.58	35.96	42.27	40.69	40.53	45.45	47.87	45.69	47.93	43.99	42.21	44.00	36.55	51.42	47.70	46.10	47.83
chr17	19596757	19626215	29458	ALDH3A2	56.44	26.57	34.46	28.87	36.62	29.98	31.34	52.68	48.42	51.50	45.64	60.46	44.04	43.44	44.15	36.11	37.12	31.97	35.01	35.42	36.40	36.33	49.02	40.05	43.26	41.21	33.65	43.83	54.40	31.18	35.84	38.30	41.70	37.63	36.94	47.43	39.33	35.15	57.62	35.16	46.51	44.46	33.98	36.03	41.19	57.54	45.61	50.98	42.12	47.03	41.51	47.04	32.98	33.71	35.77	33.70	36.46	34.98	35.49	41.22	39.50	38.98	45.50	46.83	43.86	44.71	42.47	40.57	42.42	36.73	48.18	46.01	45.37	46.35
chr17	29496009	29514149	18140	PIGS	54.35	25.24	33.72	29.36	35.16	29.27	30.13	53.18	49.02	49.54	44.99	60.39	42.82	43.81	41.32	33.94	35.64	30.25	34.66	36.02	35.15	34.79	44.33	37.82	41.94	39.33	35.22	42.42	53.49	29.43	34.60	36.71	39.90	37.95	37.89	44.95	38.08	35.28	56.74	35.30	47.43	43.05	30.66	33.91	36.82	56.14	42.74	54.57	37.67	50.15	41.85	49.51	29.93	30.73	32.28	31.41	36.10	32.85	32.66	39.77	36.92	38.06	42.30	45.22	41.33	42.69	40.73	39.35	37.98	34.84	48.74	43.89	43.31	47.30
chr17	31844694	31851947	7253	TEFM	55.07	24.87	31.67	28.28	33.96	29.33	28.58	48.22	47.01	51.65	44.19	61.33	45.72	44.46	41.46	34.58	34.65	32.87	34.65	33.90	37.05	32.43	47.03	39.22	43.00	38.64	34.73	42.97	51.74	28.71	33.93	38.33	37.46	34.56	37.94	45.13	37.64	35.72	52.70	34.95	45.40	44.30	33.46	35.43	41.74	58.23	45.23	53.13	38.86	43.38	38.41	43.75	32.41	30.37	34.60	30.84	33.99	33.02	33.18	41.65	38.66	38.97	41.86	45.83	43.58	43.95	42.24	39.88	39.68	37.36	47.20	44.31	46.30	45.89
chr17	36095725	36137280	41555	UNC45B	56.80	25.41	33.77	28.66	35.50	29.90	29.65	53.55	49.28	49.76	45.32	61.07	42.53	42.80	39.85	33.36	35.65	30.69	34.37	33.11	36.19	34.56	45.97	37.62	41.01	40.14	34.26	44.35	53.72	29.37	34.32	37.11	40.13	36.92	37.01	45.74	37.78	35.78	56.33	35.22	46.38	44.43	32.01	33.89	38.82	55.82	43.67	52.36	38.49	46.12	39.62	47.39	31.44	30.49	33.14	31.69	35.03	33.70	33.13	38.79	36.33	37.68	42.78	44.43	41.20	42.59	40.83	38.75	39.56	34.43	48.25	44.68	44.08	47.98
chr17	37481388	37520621	39233	MYO19	56.44	24.51	33.28	26.80	35.66	31.01	29.26	52.27	49.22	50.92	46.24	61.03	42.37	44.58	41.65	33.64	36.08	30.99	34.40	35.07	35.47	34.54	45.99	38.60	41.20	40.80	34.89	43.93	52.31	30.36	35.69	37.57	42.53	38.50	37.18	46.51	37.33	35.55	55.99	35.04	44.22	44.71	31.63	35.49	39.02	54.71	44.08	53.12	38.24	49.49	41.43	48.04	31.18	31.33	34.82	33.18	34.80	35.38	32.90	39.55	37.53	35.89	40.97	44.18	42.80	42.36	41.13	38.92	39.10	36.36	49.12	45.41	43.91	47.65
chr17	40528913	40530119	1206	TCAP	57.56	22.82	40.42	33.13	32.65	29.91	29.81	64.63	62.58	61.62	42.99	60.78	34.97	40.49	30.95	29.25	30.67	29.28	35.78	32.29	31.45	36.46	37.09	35.73	34.21	38.29	40.36	48.47	53.51	22.18	31.84	30.02	49.84	38.90	41.25	43.19	41.89	30.96	51.03	35.14	46.90	40.79	28.39	21.39	34.97	47.65	40.78	42.93	36.91	58.84	43.08	60.69	25.10	24.43	34.39	33.59	27.95	28.28	33.70	33.44	30.45	24.24	28.71	41.06	37.12	34.20	30.33	27.16	32.26	35.19	47.19	48.49	39.67	54.99
chr17	42669563	42679770	10207	FKBP10	53.07	22.85	31.98	25.82	32.47	27.39	26.77	49.92	50.50	47.45	40.78	54.60	35.90	39.68	36.06	30.42	30.44	26.71	33.02	31.78	31.47	31.82	42.77	34.67	39.96	36.14	35.03	41.85	46.30	26.48	28.43	32.36	39.78	36.43	33.17	42.90	35.65	31.68	50.55	32.83	43.26	41.06	27.37	30.43	35.02	45.96	40.39	48.27	32.32	48.26	39.93	49.06	27.62	26.38	29.82	28.49	29.84	29.76	26.39	33.33	31.45	27.88	34.75	38.82	37.27	35.11	32.29	32.99	33.39	31.21	41.35	40.02	38.92	49.09
chr17	43259714	43280533	20819	CAVIN1	53.85	22.19	32.38	27.34	33.94	27.23	27.70	51.19	47.50	47.69	44.34	59.23	38.19	41.80	39.23	31.43	34.13	31.16	33.44	33.36	35.19	32.10	42.24	36.51	41.49	38.81	34.22	44.59	50.13	28.08	31.95	34.45	40.15	35.14	34.72	41.96	37.59	33.49	53.29	33.75	43.25	43.60	30.12	32.26	36.06	51.56	42.54	49.68	34.87	48.53	42.28	49.57	29.52	29.44	30.66	29.36	31.42	30.27	29.45	36.00	34.64	32.05	38.02	40.44	39.57	38.66	35.32	35.34	37.43	33.02	45.60	43.02	41.27	48.56
chr17	43393427	43401636	8209	NAGLU	56.15	22.90	33.59	28.62	38.42	30.66	29.32	55.71	51.11	52.11	46.56	62.37	42.02	45.71	41.96	35.72	39.69	32.63	35.98	36.70	36.63	35.73	46.27	38.07	45.44	39.99	38.48	49.05	56.99	30.08	33.22	38.49	46.01	39.25	40.40	46.23	41.61	33.10	57.49	37.78	47.59	44.91	31.49	33.34	38.65	55.10	46.77	56.34	37.78	55.84	44.42	56.66	31.60	32.77	35.69	33.02	31.17	33.20	29.89	39.52	38.11	36.56	40.07	42.94	42.57	39.25	39.58	35.71	37.76	35.88	48.77	45.67	44.02	52.75
chr17	43419335	43423465	4130	COASY	51.87	25.08	32.97	30.13	34.36	29.04	31.13	55.93	51.63	50.18	44.20	60.12	36.89	38.38	34.96	29.07	34.40	28.59	31.75	30.58	31.41	32.33	41.31	36.44	39.92	37.74	38.16	43.13	45.28	28.27	28.25	36.26	41.37	38.04	34.73	44.90	31.82	34.57	50.77	33.88	44.94	40.35	28.73	33.82	34.30	52.99	38.57	47.89	32.64	52.46	42.41	51.47	29.19	28.68	29.97	30.83	31.68	27.27	28.65	33.47	32.93	32.50	39.74	38.40	38.00	35.44	33.94	35.57	33.08	31.54	44.08	43.19	36.95	51.09
chr17	43539667	43557130	17463	CNTNAP1	54.50	23.89	33.55	28.47	34.25	28.85	27.07	53.60	49.71	48.52	45.63	58.11	37.76	41.20	37.47	33.14	35.18	29.82	33.56	34.22	35.54	33.28	43.89	35.98	41.31	38.40	36.35	44.00	51.12	27.21	30.94	33.28	42.98	36.25	34.99	46.38	37.40	33.30	52.91	31.85	43.63	42.07	29.91	31.71	33.84	50.34	41.76	49.01	33.16	50.33	40.82	48.85	28.38	28.39	30.58	30.19	32.00	30.23	30.31	34.78	34.53	33.17	35.80	41.92	40.40	36.54	33.86	34.83	36.44	32.18	46.97	43.66	41.27	48.12
chr17	43757941	43771581	13640	G6PC1	56.02	23.14	29.74	25.92	36.25	29.12	27.08	52.83	46.57	48.57	43.81	59.31	41.20	42.97	42.04	34.88	35.51	32.14	35.47	33.08	33.45	31.92	46.36	37.24	40.11	37.79	32.46	41.94	50.55	29.72	34.35	35.90	39.13	37.50	35.27	43.43	38.25	33.52	55.68	34.27	43.37	43.57	31.25	36.03	38.08	53.91	42.91	52.55	36.40	46.78	39.39	44.22	29.41	30.87	33.09	30.98	34.85	33.62	32.47	38.15	36.42	35.37	42.37	43.05	39.52	42.28	39.89	38.02	39.34	33.35	47.34	44.37	44.58	45.15
chr17	45058142	45074402	16260	UBTF	51.96	22.24	35.94	27.88	32.80	27.51	27.49	49.59	49.21	50.53	43.90	55.19	35.00	39.50	36.56	31.95	32.81	27.89	32.23	32.14	32.94	34.77	43.23	35.84	37.71	36.73	37.29	45.20	47.92	23.60	29.30	34.49	42.51	35.86	35.77	45.27	33.86	31.13	50.38	30.43	41.13	40.93	26.36	28.71	33.98	48.95	41.31	45.31	32.73	53.05	42.69	52.73	29.65	28.15	31.54	29.55	29.80	29.58	29.44	33.04	33.52	29.14	34.77	37.99	37.48	34.74	31.98	31.90	32.71	33.95	40.88	40.10	39.82	49.79
chr17	45199296	45207105	7809	GRN	53.65	24.38	36.47	30.87	32.93	30.76	29.39	56.45	52.85	53.31	47.18	59.93	35.69	39.68	35.86	31.77	34.24	27.99	31.52	33.36	34.10	33.64	44.22	32.01	42.00	37.87	38.96	48.44	47.46	24.67	32.19	32.36	41.87	37.85	37.05	45.75	37.96	33.51	54.73	35.33	44.13	40.66	29.69	30.59	36.36	49.00	46.08	45.70	32.84	50.34	43.53	54.27	27.28	28.16	30.94	29.01	28.52	29.17	28.00	32.83	33.04	30.81	36.82	40.58	37.81	34.01	35.09	34.92	31.62	32.19	45.51	41.42	45.48	51.81
chr17	45757041	45769413	12372	GFAP	56.18	26.18	34.43	30.03	34.95	29.14	30.25	54.72	51.25	51.16	45.69	55.81	37.76	39.91	36.96	32.19	33.93	29.00	32.47	33.03	34.76	33.84	44.75	35.29	38.01	38.46	34.88	44.00	48.66	26.55	30.14	34.87	44.63	35.19	36.81	46.35	37.29	31.89	53.53	33.61	43.77	43.53	29.36	32.94	34.74	49.64	43.76	49.76	34.90	50.17	44.22	51.47	30.29	28.67	31.02	30.65	31.08	30.98	29.98	35.51	33.23	34.32	37.42	41.42	39.33	37.70	36.23	32.60	35.42	34.75	44.28	43.65	41.53	49.24
chr17	46756176	46889953	133777	MAPT	55.99	25.08	32.84	28.26	34.82	29.26	29.09	53.25	49.74	49.10	45.29	60.25	40.50	42.62	40.05	33.38	36.07	30.55	34.26	34.24	35.67	34.55	46.79	37.76	41.32	39.58	35.05	44.11	52.49	27.74	33.24	36.33	41.63	37.26	37.29	45.91	37.15	35.03	54.65	34.38	43.96	43.56	31.25	33.55	38.42	53.98	44.21	53.34	37.10	48.36	40.88	47.87	30.64	31.09	33.72	32.00	33.67	33.69	31.84	37.89	36.95	35.17	40.68	43.90	40.01	40.33	39.16	37.14	38.08	34.43	47.83	43.99	43.22	47.87
chr17	47784605	47828429	43824	GOSR2	58.31	26.99	34.47	29.58	36.83	31.01	31.58	52.87	49.08	50.31	45.99	61.65	44.04	42.43	42.26	34.57	37.38	31.75	34.89	34.61	36.60	35.46	49.82	38.62	41.75	41.26	34.82	44.01	53.67	30.33	35.25	37.40	42.45	38.56	37.35	47.69	38.68	36.66	57.72	35.43	46.75	44.95	33.31	35.37	40.64	57.28	45.46	51.62	38.81	49.08	40.45	48.76	32.80	31.47	35.00	33.43	36.47	35.84	34.65	40.02	39.07	38.29	43.40	45.66	42.80	44.94	40.87	38.69	40.52	36.29	49.45	44.86	46.50	49.18
chr17	51033072	51042985	9913	SGCA	54.29	24.56	35.64	27.89	33.02	31.10	29.10	51.29	48.71	50.46	47.08	59.94	36.04	38.93	36.74	32.40	34.02	29.79	32.54	32.60	34.49	33.17	43.85	33.67	37.71	37.55	37.42	45.94	49.13	28.42	29.20	34.75	45.60	38.06	32.64	43.24	36.84	31.71	53.63	33.24	44.54	43.21	30.32	30.21	36.33	49.47	45.16	48.20	33.68	51.94	42.93	50.48	28.01	30.27	34.07	29.91	30.86	32.39	28.62	35.74	33.88	33.09	36.80	44.09	38.49	37.47	36.98	34.60	37.64	35.91	46.17	44.88	41.56	46.67
chr17	51051161	51068680	17519	COL1A1	53.59	24.10	34.68	27.39	35.37	28.91	28.03	56.33	52.02	51.04	45.67	59.89	35.14	38.57	35.66	31.71	32.76	27.24	33.27	32.12	34.63	33.72	46.01	37.16	38.44	36.65	36.67	47.98	48.01	26.05	29.98	36.10	43.17	37.57	36.51	47.04	36.01	32.02	50.36	33.28	41.99	42.15	28.40	31.03	36.01	49.66	44.02	50.38	32.09	53.39	41.02	52.02	28.63	29.24	32.14	30.07	29.70	29.34	28.75	32.73	33.45	29.90	35.39	41.01	38.27	34.87	33.90	32.78	32.93	32.44	44.74	43.20	40.69	50.49
chr17	51427850	51494639	66789	CACNA1G	55.94	25.16	34.64	28.32	34.77	29.23	29.15	53.91	51.95	51.23	45.39	60.06	35.94	40.02	35.89	31.99	33.40	28.91	32.44	33.85	35.20	33.86	44.68	36.26	39.96	38.83	35.29	45.77	50.25	25.74	29.96	35.09	42.36	36.92	35.41	46.78	36.99	33.00	53.08	33.89	44.87	42.96	29.04	29.71	35.87	51.15	42.67	50.10	33.56	53.78	41.54	53.72	28.47	28.34	32.27	30.17	30.62	31.64	30.21	35.05	34.17	30.76	35.92	41.87	38.57	36.03	35.07	33.53	34.32	33.96	44.78	43.11	41.76	50.13
chr17	64471512	64478982	7470	TACO1	53.61	24.96	33.22	28.81	37.09	29.00	30.85	54.65	48.50	50.95	43.59	61.66	39.90	46.45	41.12	33.58	34.06	31.81	36.02	33.04	35.15	33.72	44.16	35.47	42.59	40.02	35.34	43.50	51.71	31.03	34.82	37.16	39.71	35.33	36.87	45.68	40.53	37.35	57.21	35.77	44.46	43.18	29.30	34.01	41.78	55.56	44.48	52.52	37.68	46.05	37.95	45.80	29.68	29.69	32.79	31.93	33.80	33.74	31.61	38.72	36.31	36.80	40.05	40.88	40.48	45.12	38.29	39.77	40.03	33.68	48.86	44.79	43.22	48.42
chr17	64809316	64843693	34377	SCN4A	54.27	24.70	33.67	27.67	33.72	28.99	28.37	55.93	50.62	49.65	45.81	58.02	36.55	40.04	37.14	32.78	33.72	29.42	32.83	34.58	33.70	32.06	44.51	35.54	39.18	38.29	36.10	46.28	50.29	25.41	29.49	35.19	41.21	37.05	35.96	44.33	37.37	33.92	52.22	36.12	44.13	42.28	29.79	30.62	35.85	50.43	42.86	48.87	33.66	52.54	40.89	51.99	28.24	27.10	31.66	29.81	30.86	30.68	30.03	34.14	35.30	31.79	36.09	42.25	39.58	35.60	34.51	33.87	34.73	34.29	45.83	42.57	40.17	50.23
chr17	65347538	65366810	19272	POLG2	57.19	24.73	31.35	28.63	36.58	30.59	29.20	53.61	47.44	47.88	45.67	62.77	46.17	41.48	44.18	34.32	37.13	32.98	33.54	34.68	37.80	35.48	47.34	38.52	42.99	40.16	33.19	42.62	55.71	30.95	36.44	38.88	41.33	36.32	38.41	46.59	37.50	36.65	56.89	34.72	44.30	44.61	33.61	35.98	42.09	58.85	44.60	52.65	40.11	45.89	39.58	43.56	32.01	32.17	33.71	32.61	35.70	35.70	33.97	40.53	37.37	40.41	44.13	47.70	43.38	46.12	42.26	40.21	41.24	37.35	49.54	46.04	45.14	48.29
chr17	71047852	71058363	10511	KCNJ2	57.74	26.02	29.53	30.03	36.74	31.30	30.77	53.31	45.97	51.56	46.14	60.65	47.13	40.46	43.37	35.86	37.64	31.97	34.55	34.24	38.84	38.82	52.00	39.67	45.32	42.07	30.89	41.62	59.27	31.71	36.33	40.09	39.82	37.84	40.28	49.98	39.95	38.28	56.95	35.65	45.87	43.82	35.49	35.75	41.31	59.56	45.03	32.79	42.93	45.54	40.29	44.30	33.99	31.77	37.95	35.80	38.21	37.82	37.86	43.65	41.68	41.01	46.74	47.39	43.83	47.85	42.84	42.83	43.33	37.68	51.62	47.61	45.35	47.02
chr17	75733797	75752630	18833	GRIN2C	53.68	25.58	35.73	28.25	33.42	27.22	26.49	53.64	51.86	51.95	44.91	58.08	34.48	38.75	34.26	31.32	31.57	26.62	32.87	34.03	33.71	32.89	42.60	33.88	40.53	37.91	36.22	47.31	49.15	24.37	28.29	32.15	41.18	36.10	36.22	45.48	35.21	31.95	51.13	32.73	43.82	40.66	28.25	27.95	34.92	48.20	40.51	47.31	32.23	54.72	40.58	52.26	27.66	28.19	31.27	27.79	29.48	29.11	27.06	33.13	31.41	30.02	34.32	38.66	38.74	33.82	33.00	33.02	32.34	32.46	41.88	42.98	40.42	51.19
chr17	75754282	75764782	10500	FDXR	52.71	25.52	35.34	28.87	34.18	28.87	28.97	55.08	51.48	52.95	43.11	55.74	36.40	38.47	34.72	31.35	32.30	26.61	32.59	33.15	33.56	33.71	42.73	36.99	40.49	37.13	36.90	46.18	48.04	26.11	30.06	34.86	43.32	37.48	35.76	43.74	35.63	31.69	51.85	34.19	43.96	41.59	26.59	31.33	34.32	50.12	43.23	48.12	32.68	52.60	40.85	52.98	28.25	27.79	31.40	29.80	28.20	31.66	27.92	31.67	33.08	30.67	36.00	39.77	36.57	34.04	33.38	34.15	32.79	31.37	41.91	41.60	41.01	49.53
chr17	76480977	76520034	39057	MYO15B	55.20	24.85	36.09	28.69	34.05	29.28	27.66	54.42	54.03	53.25	46.57	61.62	37.33	41.91	36.46	33.09	33.79	29.46	33.58	34.58	36.84	33.95	45.01	36.81	39.96	39.46	37.61	47.05	52.13	26.18	31.97	36.26	43.91	37.94	36.79	46.07	36.06	32.98	55.01	35.04	44.05	44.51	29.06	31.15	36.59	50.97	43.64	49.90	33.98	56.63	43.05	54.32	29.51	29.82	32.67	30.12	29.49	29.42	30.20	35.67	33.87	31.58	35.94	40.76	40.62	36.05	34.43	33.66	35.03	33.45	46.13	43.58	41.39	52.50
chr17	76834658	76872295	37637	ACOX1	54.80	23.28	30.20	25.99	35.98	30.30	26.18	49.78	46.91	47.18	43.65	61.37	43.50	43.72	43.82	34.18	36.09	31.30	35.39	34.45	35.65	33.59	46.58	38.58	43.05	41.20	33.31	42.83	51.72	29.60	36.07	36.18	40.86	35.90	36.91	45.16	39.14	35.65	55.96	35.17	44.62	44.10	31.41	35.20	40.18	55.79	43.84	55.63	39.41	48.40	39.30	47.23	31.39	31.13	32.82	32.51	34.70	33.68	33.68	39.25	38.20	37.32	42.50	45.40	43.32	43.79	40.88	39.86	40.09	35.47	50.26	45.55	44.19	47.48
chr17	78174745	78394627	219882	SEPTIN9	54.75	24.21	34.24	28.27	34.16	28.97	28.15	53.69	50.63	50.93	45.03	58.93	37.36	40.44	36.95	32.00	34.05	28.61	32.96	33.23	35.22	33.08	44.94	36.03	39.99	38.95	35.42	45.98	50.51	26.50	30.94	34.72	41.84	37.14	35.27	44.54	37.24	33.12	53.01	34.38	43.68	42.96	29.25	31.68	36.57	51.47	43.31	49.40	34.38	51.47	40.93	50.48	28.73	28.40	32.07	30.13	31.04	31.05	30.57	35.78	34.70	31.98	36.76	41.50	39.33	37.03	36.85	34.23	35.41	33.97	45.52	42.61	42.07	49.73
chr17	81002019	81020360	18341	GAA	56.91	27.13	35.76	30.63	36.16	30.19	29.30	56.27	53.00	54.66	48.45	62.02	37.78	41.59	37.58	33.03	37.14	30.68	33.41	34.95	34.63	35.69	44.47	39.04	42.19	38.94	36.19	46.98	50.21	26.42	32.51	38.25	46.07	39.06	37.58	48.20	38.63	33.40	53.55	33.52	45.22	43.38	31.59	32.42	37.65	53.20	44.84	48.15	34.62	54.63	44.90	53.24	29.68	31.59	32.92	31.80	30.64	31.47	31.42	37.58	35.65	32.51	38.17	42.84	40.92	38.94	35.32	35.89	36.68	37.07	46.99	45.61	43.17	52.42
chr17	81161121	81300623	139502	RNF213	55.49	24.01	32.45	27.33	35.10	30.13	28.26	51.74	48.42	48.63	45.05	60.11	40.58	42.85	40.38	33.93	35.06	30.45	34.05	34.62	35.37	33.53	45.78	36.59	40.94	39.84	34.69	43.14	52.65	28.25	33.85	36.37	41.00	36.84	35.83	44.65	37.11	34.82	54.06	34.92	44.63	43.99	30.80	33.34	38.42	53.60	44.02	53.75	37.28	49.35	40.69	48.46	30.18	30.39	33.03	31.77	34.02	32.89	32.88	37.81	36.84	35.65	40.56	43.80	41.07	41.13	39.13	37.34	38.16	34.72	47.11	44.39	43.07	47.73
chr17	81368722	81378497	9775	NPTX1	53.17	23.97	38.84	28.94	33.61	30.05	28.65	52.80	51.78	51.89	45.15	59.88	36.65	41.37	36.80	33.16	33.40	28.65	32.57	31.91	35.85	32.92	45.22	38.10	39.01	39.23	37.83	47.63	48.22	23.53	29.61	35.44	42.79	36.30	36.14	47.92	36.80	33.49	51.16	36.51	43.57	41.94	29.53	30.01	35.48	49.39	43.70	49.98	34.01	55.67	43.67	55.30	26.62	29.07	33.24	30.32	30.96	30.54	29.30	35.17	33.91	31.18	36.67	40.21	40.26	36.16	35.38	33.74	35.16	32.15	44.14	42.98	40.70	52.46
chr17	82768117	82778559	10442	PCYT2	59.26	26.98	40.29	33.33	33.39	31.44	31.84	57.33	57.03	55.38	49.52	63.64	35.86	41.91	34.66	32.52	35.76	30.41	36.18	37.22	37.98	35.64	45.98	36.65	40.27	42.17	40.10	53.47	51.93	24.07	29.73	36.38	47.21	40.04	39.96	51.15	36.31	32.49	56.05	35.05	44.54	41.46	28.34	31.44	37.54	50.70	49.35	46.37	32.33	60.13	47.51	60.18	31.89	31.57	32.72	31.14	29.33	28.50	26.64	35.25	34.62	31.75	35.72	41.44	40.32	32.96	34.18	31.57	34.27	34.51	45.68	41.66	40.80	56.67
chr18	2811307	2960649	149342	SMCHD1	60.97	27.10	31.56	30.78	37.65	32.82	32.79	52.82	48.45	49.56	48.07	63.32	47.30	42.25	46.25	37.04	38.90	32.58	35.22	33.93	38.61	37.14	52.33	40.77	44.71	42.59	33.63	42.03	59.80	32.97	38.05	39.94	40.86	38.90	40.38	50.29	39.77	37.82	58.19	35.53	45.53	45.79	35.54	37.99	44.67	62.99	46.59	47.03	44.26	44.38	41.24	42.33	33.66	32.53	35.15	35.62	38.37	37.61	37.58	43.85	41.99	41.51	47.44	49.94	46.92	49.82	46.05	44.12	45.36	38.14	52.72	47.62	48.07	46.82
chr18	10832367	11311713	479346	PIEZO2	60.13	27.25	32.43	30.60	37.45	32.06	32.09	53.73	49.16	50.02	47.45	63.63	46.35	43.44	44.39	36.40	38.45	32.76	35.66	35.11	37.60	37.11	51.05	39.89	44.46	42.54	33.88	43.63	57.63	32.00	37.42	39.92	40.56	38.11	39.28	49.91	39.38	37.09	57.85	35.87	46.15	45.42	35.11	37.49	42.64	60.65	46.46	49.63	42.19	46.39	40.46	45.45	32.81	34.16	36.91	34.92	37.95	36.99	36.52	43.10	40.73	40.88	45.93	48.57	45.35	46.33	44.56	42.29	43.66	37.03	51.75	47.43	47.14	46.91
chr18	11851606	12048391	196785	GNAL	58.85	25.80	32.44	29.02	36.48	30.74	30.50	53.82	49.26	50.10	46.79	62.42	44.65	43.57	43.45	35.17	37.25	32.08	35.60	35.07	36.66	35.98	49.49	39.74	43.51	41.62	34.63	43.64	55.72	30.72	35.89	38.49	41.03	37.50	38.08	47.88	39.19	36.22	56.96	35.89	45.47	45.12	33.59	35.84	41.12	57.69	44.99	54.59	40.56	47.28	40.11	46.55	32.30	32.39	35.54	33.48	36.79	35.46	34.95	41.21	39.06	38.59	43.91	46.63	43.84	45.32	42.41	40.53	42.08	36.91	50.00	45.69	45.85	47.82
chr18	12491959	12540204	48245	AFG3L2	57.16	25.08	33.39	28.52	37.16	32.36	29.11	51.38	49.20	49.22	46.75	62.18	43.68	43.86	43.77	35.20	37.22	31.49	35.54	35.33	36.42	34.79	48.35	39.14	42.72	41.39	34.07	43.08	54.86	30.53	36.39	37.22	41.36	37.48	38.23	46.02	39.81	37.16	57.38	36.99	46.14	46.10	33.01	36.19	40.39	57.93	44.99	55.54	39.74	47.30	40.08	46.29	31.63	33.33	35.74	33.82	37.63	35.72	34.40	41.75	39.27	39.86	44.15	47.35	43.99	44.37	42.46	40.25	43.16	37.75	50.27	45.61	45.81	48.05
chr18	23725533	23780767	55234	NPC1	58.52	26.37	33.06	30.16	37.24	31.08	30.81	52.73	50.24	49.38	46.83	62.29	44.00	43.56	43.71	35.64	37.24	32.38	35.23	35.05	37.20	35.67	49.39	38.63	43.30	40.79	35.05	43.04	55.63	31.17	36.38	38.69	42.09	37.15	37.06	49.24	37.92	36.31	57.82	35.82	45.06	45.59	34.46	36.42	41.45	56.34	45.26	54.85	40.46	49.25	39.79	47.20	32.42	32.28	35.25	32.18	37.42	36.21	34.95	41.25	38.76	39.35	43.92	46.34	42.61	46.84	42.03	40.74	41.66	36.15	49.50	45.42	46.14	46.91
chr18	31782390	31789335	6945	TTR	61.74	26.21	31.51	29.11	38.07	32.85	29.35	55.14	48.71	52.42	47.08	63.57	46.03	42.79	41.94	36.54	38.25	34.87	38.01	35.51	38.42	36.74	54.09	38.65	42.00	43.46	34.97	44.83	55.78	33.85	37.68	40.59	42.70	40.18	40.82	49.85	40.43	34.90	60.31	37.28	46.60	46.85	35.03	37.12	43.27	62.84	44.13	51.71	43.21	47.64	40.92	46.80	34.70	34.43	35.92	35.39	39.11	37.57	41.17	43.07	39.26	39.91	43.25	47.35	44.14	49.84	44.43	43.11	42.16	38.62	51.15	47.18	46.24	49.29
chr18	33769916	33942920	173004	ASXL3	61.33	28.72	31.99	31.43	38.04	33.22	33.22	53.23	49.19	50.26	48.00	64.36	48.87	40.74	45.71	37.82	39.77	32.78	35.25	34.34	38.43	38.62	53.42	40.76	44.53	43.25	33.93	42.78	60.72	33.30	39.02	41.96	39.96	38.47	41.10	52.12	39.67	37.02	56.49	35.25	46.64	45.62	36.47	38.81	44.81	62.64	47.87	25.02	45.13	43.87	41.69	42.81	34.57	34.89	38.14	35.90	38.84	37.40	38.54	44.57	42.09	43.22	47.75	49.38	46.89	49.08	46.29	45.86	46.29	38.35	53.53	47.58	48.64	46.80
chr18	34685118	35083714	398596	DTNA	61.28	28.56	32.49	31.56	37.75	32.65	33.37	53.73	48.68	50.25	47.99	64.53	48.20	42.26	46.04	37.40	39.36	33.15	35.70	34.83	37.91	38.30	52.57	40.61	44.81	42.90	33.97	42.43	59.90	32.94	38.69	40.64	40.08	38.54	40.61	51.13	39.94	37.47	57.60	35.87	46.23	45.74	35.93	38.68	43.78	62.18	47.09	36.40	44.34	45.40	40.73	44.08	34.05	34.42	37.03	36.04	38.81	37.81	37.79	44.10	41.79	41.78	46.87	49.66	46.82	48.81	45.99	44.87	44.90	37.88	52.80	47.87	48.07	46.94
chr18	46271208	46295188	23980	ATP5F1A	55.55	23.74	30.95	26.32	35.66	29.98	27.72	50.61	48.35	49.48	45.43	60.48	44.47	43.30	42.38	35.54	36.48	32.88	35.54	35.20	36.72	34.90	46.32	38.76	42.89	41.30	34.29	42.61	56.59	30.24	36.66	39.16	41.54	37.06	38.07	45.03	38.90	35.65	57.24	36.18	44.92	46.08	32.84	35.46	40.86	56.80	45.68	55.13	39.46	46.43	40.84	45.40	31.10	31.46	33.29	32.80	36.34	34.76	34.22	40.29	38.16	38.22	43.69	45.55	43.84	44.65	41.45	41.17	40.99	36.35	48.22	45.11	44.79	47.85
chr18	79953600	80031824	78224	CTDP1	56.89	24.94	33.64	27.71	35.63	30.49	28.10	51.70	51.05	50.54	45.66	60.13	40.43	42.80	39.17	34.19	36.70	30.95	34.74	35.23	35.75	33.86	46.02	37.30	42.16	39.79	35.23	45.16	51.86	28.70	34.02	37.70	42.48	37.88	37.35	46.65	38.16	34.77	55.28	35.59	44.18	44.14	31.88	34.69	38.53	54.44	45.42	53.79	37.63	51.64	42.13	51.12	31.35	30.29	35.10	32.69	33.46	33.46	32.81	39.22	37.53	36.12	39.96	44.81	41.45	39.87	38.04	36.21	37.56	33.95	46.92	44.28	43.72	48.51
chr19	1002775	1030237	27462	ABCA7	50.19	20.48	32.23	23.82	30.02	26.99	23.85	50.10	45.66	46.40	41.32	53.74	31.34	36.26	32.62	28.78	30.27	25.49	28.69	32.01	31.61	29.74	40.25	31.19	37.20	36.58	32.42	41.70	45.95	23.47	27.18	31.45	41.37	33.28	32.34	39.97	33.58	28.39	47.02	31.46	38.45	39.42	26.76	27.68	31.51	45.17	39.42	41.49	28.97	51.91	39.04	51.98	26.32	26.12	29.11	25.51	26.18	25.73	24.90	31.36	30.73	27.62	30.71	36.72	34.55	30.65	29.50	30.08	30.56	32.08	39.32	39.12	37.16	44.85
chr19	1353903	1365582	11679	NDUFS7	59.29	24.38	36.65	28.21	35.83	30.96	28.23	57.25	55.70	52.64	49.06	62.45	38.30	41.91	39.08	33.39	36.10	29.68	37.50	36.66	38.85	34.85	48.15	40.69	41.62	42.54	34.94	47.31	52.43	27.98	31.82	39.31	44.29	40.24	38.15	49.83	38.91	34.61	56.17	34.82	46.25	47.34	29.53	30.00	38.77	53.55	45.47	51.77	35.15	57.22	47.82	56.17	30.15	30.03	33.76	31.77	31.80	32.86	30.73	36.09	35.88	32.92	37.36	44.35	41.71	35.31	34.72	35.44	35.69	36.66	48.89	46.86	42.52	54.31
chr19	3608309	3678870	70561	PIP5K1C	53.88	22.96	35.56	27.84	33.11	28.71	27.30	53.44	51.43	50.83	45.31	59.26	35.43	39.92	35.83	32.42	33.35	28.78	33.12	34.53	34.74	32.79	44.10	36.00	39.69	39.39	36.89	46.88	49.70	25.22	29.30	33.76	43.73	37.19	35.57	44.88	36.58	31.96	51.85	34.56	43.06	43.17	27.42	29.36	35.17	48.58	43.68	47.17	32.70	55.09	43.58	54.24	27.35	28.31	31.31	29.85	28.70	29.13	28.96	33.68	34.38	30.66	33.68	40.28	38.63	33.92	33.29	32.43	33.78	33.61	43.59	43.19	41.76	51.58
chr19	3859874	3907372	47498	ATCAY	52.98	21.00	31.42	24.19	33.35	29.30	24.88	49.28	46.35	48.30	42.74	56.96	38.75	40.76	37.58	31.82	33.73	29.47	33.32	34.55	33.20	32.42	41.89	36.31	38.90	37.56	33.66	42.30	49.76	26.90	32.31	34.47	39.60	35.66	32.95	41.55	36.34	33.10	51.87	33.54	42.51	42.49	28.59	30.75	36.17	50.48	41.63	51.19	35.65	48.02	39.07	48.05	27.75	27.94	30.63	29.03	31.26	30.08	29.26	34.86	33.71	33.09	38.42	40.68	38.96	37.38	36.07	33.95	35.38	32.82	43.70	40.18	41.03	46.94
chr19	3954239	3963657	9418	EEF2	57.25	24.97	37.63	29.90	36.41	31.57	31.00	58.01	51.16	52.96	50.91	60.42	37.84	42.62	38.78	36.48	34.44	32.03	35.39	36.62	39.22	36.40	45.19	38.34	41.84	42.81	40.75	46.58	51.35	28.51	32.20	39.76	46.50	42.07	38.98	49.75	37.36	33.29	56.50	38.41	47.45	48.06	30.96	33.72	37.47	52.63	45.87	50.03	37.07	58.42	44.50	58.39	31.65	30.19	32.91	34.17	30.51	33.15	31.46	38.50	38.30	33.69	37.11	42.92	42.33	38.07	34.38	37.84	36.39	34.06	47.58	44.97	44.04	54.03
chr19	6350431	6359144	8713	CLPP	49.28	19.53	28.24	22.42	29.47	27.11	21.63	50.59	45.58	47.45	41.00	56.73	35.51	39.01	36.70	29.66	32.79	27.05	31.60	31.67	31.95	27.85	39.03	33.66	38.60	35.08	32.30	40.37	45.26	24.44	28.49	30.42	40.03	32.54	31.20	40.32	35.15	31.12	48.15	31.71	39.09	38.72	27.51	28.54	33.37	44.73	39.41	45.32	33.27	46.40	37.98	43.95	26.19	27.14	28.43	26.48	29.78	29.88	26.81	32.84	31.50	30.45	34.29	37.24	34.55	35.75	34.98	32.45	35.39	32.69	40.84	39.77	38.79	45.02
chr19	6483816	6492345	8529	TUBB4A	53.38	21.05	30.53	27.56	30.11	28.09	23.67	50.44	48.19	45.28	42.36	58.15	34.25	40.97	38.26	31.32	34.75	29.99	33.56	30.82	32.38	33.63	43.54	36.01	40.66	37.35	32.58	41.59	49.01	25.88	29.26	34.15	41.77	35.32	34.54	43.86	37.82	32.59	51.85	33.55	40.21	41.71	27.06	30.68	35.33	48.49	43.06	49.61	33.98	51.19	41.15	50.26	30.10	27.97	30.72	29.10	28.16	29.90	27.65	33.66	33.13	30.37	33.77	40.51	35.13	35.34	36.55	32.93	32.58	31.91	43.46	41.29	40.61	51.61
chr19	7534897	7562499	27602	PNPLA6	56.35	22.72	33.35	26.12	35.38	29.91	26.98	53.50	51.43	49.85	45.77	61.09	37.58	42.40	37.23	33.11	33.67	30.11	34.34	35.09	35.72	33.74	44.77	37.62	40.99	40.23	35.13	45.76	51.60	27.49	30.35	36.18	43.59	37.99	36.29	44.70	38.62	35.44	53.73	36.95	45.19	45.38	29.58	31.84	37.18	52.41	45.96	50.78	34.10	52.11	42.77	54.03	29.72	29.69	33.60	29.45	30.34	31.52	31.01	36.17	36.57	33.70	37.91	43.04	40.33	36.84	36.57	35.45	36.38	34.55	46.73	45.67	43.24	50.28
chr19	7630675	7632839	2164	PET100	44.65	23.35	32.59	30.96	31.15	27.35	31.00	52.53	45.22	48.46	44.90	52.20	31.85	36.37	33.74	26.75	28.75	26.16	33.05	29.86	31.47	35.82	41.88	32.51	33.62	35.43	33.76	41.70	42.37	22.32	29.66	34.57	36.65	30.29	34.37	41.93	35.59	25.14	50.54	30.56	38.34	36.14	28.19	26.93	31.88	46.66	40.70	48.17	32.86	45.16	40.07	47.55	23.24	23.04	26.63	27.58	27.10	31.16	30.10	34.39	30.24	26.27	32.87	36.42	32.58	34.58	32.24	26.69	31.24	31.89	37.88	39.28	39.30	44.61
chr19	10259568	10321116	61548	DNMT1	56.95	23.35	32.16	27.51	37.14	30.66	27.41	53.98	49.58	49.66	46.39	61.74	41.16	45.25	42.26	35.52	35.90	32.70	36.05	35.89	35.32	33.59	46.30	38.35	42.51	40.98	34.87	45.00	54.80	28.86	35.48	37.94	41.86	38.37	36.83	44.48	38.78	35.41	56.96	36.22	45.63	46.25	31.59	34.81	38.97	55.15	44.70	55.02	38.40	50.33	42.20	49.98	29.99	31.39	34.22	32.14	35.99	33.52	33.48	39.07	37.12	37.06	41.29	45.44	41.58	42.00	39.94	38.10	38.90	36.15	48.77	44.82	44.02	48.60
chr19	10436157	10442125	5968	FDX2	52.42	18.63	29.03	22.07	34.65	28.32	21.37	51.79	45.59	47.96	44.55	59.26	37.34	40.22	36.09	31.16	29.98	28.93	33.23	31.68	34.28	30.97	39.82	34.68	39.95	38.73	33.37	44.45	50.70	24.80	30.94	34.78	36.65	33.87	32.16	38.46	36.20	31.87	53.21	35.16	42.08	43.26	28.03	29.54	33.70	49.10	43.18	50.33	32.22	45.58	38.67	50.51	26.42	30.26	27.92	29.44	31.30	30.86	27.91	34.13	30.68	31.64	35.14	40.43	38.71	35.24	36.25	32.34	36.74	33.23	44.83	42.96	39.57	48.35
chr19	10844674	10958914	114240	DNM2	54.82	22.92	32.89	27.35	34.38	29.01	26.47	52.81	49.01	50.78	44.48	59.33	39.03	42.81	38.94	33.02	34.41	30.39	34.40	35.14	34.45	33.17	43.69	36.76	40.41	39.07	35.42	45.55	51.45	27.56	32.59	35.19	42.20	36.06	34.86	43.47	37.85	34.50	54.36	35.02	44.71	43.93	30.24	32.74	37.16	51.97	43.50	51.55	35.50	50.15	41.17	50.42	29.33	28.53	31.19	30.20	32.58	32.01	30.54	35.45	35.59	34.05	38.11	42.08	39.55	39.47	36.67	35.37	36.25	33.43	45.65	42.76	42.82	49.17
chr19	13331718	13631840	300122	CACNA1A	54.68	23.66	31.43	26.71	34.62	29.26	27.84	51.55	48.11	48.40	44.44	58.72	40.37	41.98	40.19	33.07	34.84	30.93	33.64	33.21	34.74	33.23	45.34	37.07	40.89	39.20	33.84	42.67	51.83	28.49	33.24	35.09	40.06	36.37	35.43	43.86	36.80	34.00	54.05	34.16	43.43	42.95	30.89	33.26	37.78	53.27	43.08	52.06	36.77	47.80	40.21	47.19	29.60	29.49	32.88	30.55	33.48	32.49	31.70	37.53	35.50	35.79	39.96	42.96	40.21	40.52	38.64	37.09	38.08	34.26	46.69	43.27	42.36	46.75
chr19	15283988	15325912	41924	NOTCH3	53.13	22.97	33.15	26.18	33.16	28.26	27.09	51.69	49.59	49.37	43.49	58.45	35.97	40.59	36.93	31.45	33.73	28.68	32.78	33.45	35.41	32.28	42.60	35.94	40.00	38.90	34.34	44.04	49.69	26.41	30.43	34.02	42.16	36.73	34.20	42.99	35.91	32.89	52.22	33.65	43.25	42.66	28.83	30.60	37.55	50.95	43.48	48.41	33.18	51.17	41.91	50.90	27.93	28.09	30.60	28.01	30.69	30.26	28.87	35.24	34.34	31.93	36.50	40.69	38.23	35.68	35.58	34.46	35.61	33.26	43.66	42.36	40.05	48.63
chr19	19199812	19248846	49034	SLC25A42	54.97	23.64	32.93	26.58	35.59	30.69	27.03	53.50	49.43	50.40	46.21	58.26	39.53	42.56	38.53	34.69	35.61	31.43	35.26	35.63	35.55	33.78	44.33	37.08	41.14	37.97	35.77	44.60	51.85	27.61	33.06	35.01	41.33	37.38	35.90	43.56	38.93	35.76	56.29	34.70	45.62	44.99	30.67	33.57	38.39	53.60	44.94	53.73	36.08	52.17	41.84	52.40	29.48	29.91	32.74	31.13	32.33	32.44	30.79	37.24	35.82	34.01	38.83	43.61	40.23	38.96	37.76	36.57	38.23	35.10	47.67	44.47	43.67	49.50
chr19	32224627	32241529	16902	C19orf12	55.18	22.28	33.60	26.97	33.37	28.57	25.53	51.96	51.28	50.47	44.18	57.21	40.10	43.64	39.09	34.52	35.20	30.88	31.74	34.84	35.23	33.74	46.97	36.30	41.26	37.81	34.09	43.76	50.44	28.36	34.08	35.69	39.73	37.01	35.43	45.83	37.71	36.05	53.61	35.05	42.78	42.71	29.80	32.87	37.69	53.97	44.40	52.69	36.87	48.21	38.97	46.85	28.55	30.25	32.68	29.90	32.89	32.60	31.72	36.83	35.85	34.59	40.43	43.39	41.45	38.42	38.97	37.72	38.13	35.30	46.53	44.88	45.20	49.91
chr19	35394650	35490633	95983	CEP89	56.31	24.04	32.75	27.49	35.87	30.39	28.80	53.64	48.54	49.16	45.77	60.74	42.03	43.55	42.69	34.63	36.51	31.92	34.82	34.69	35.34	34.42	46.89	37.82	42.61	40.90	34.91	42.71	55.19	29.97	34.81	37.13	39.75	37.29	36.56	46.52	37.69	35.98	55.51	35.28	45.21	44.49	32.58	34.25	39.67	55.48	44.43	54.13	40.31	46.33	40.42	45.80	30.72	31.59	34.50	32.09	34.89	34.63	33.66	39.08	38.05	37.26	41.90	44.17	42.32	43.02	40.93	38.40	39.96	35.95	48.96	43.90	44.80	46.82
chr19	37669191	37679738	10547	LGI4	56.02	27.30	37.84	30.79	34.71	33.07	29.92	55.95	54.60	52.37	46.95	60.61	37.71	39.49	36.30	34.18	35.31	30.33	32.91	33.32	35.60	32.45	46.27	37.92	42.26	39.80	35.86	47.65	49.13	26.82	30.76	35.30	43.69	39.85	38.65	48.21	36.87	33.86	52.14	35.48	43.82	43.37	30.34	33.33	37.92	50.17	44.11	48.39	34.18	54.66	42.00	52.33	28.35	29.59	32.07	30.62	32.49	30.66	31.33	35.62	36.69	31.70	35.40	43.57	41.07	35.59	34.82	37.14	36.99	36.76	45.29	45.77	41.76	49.03
chr19	37836824	37858521	21697	MAG	54.39	24.31	32.74	27.80	35.11	30.53	28.03	50.27	49.31	48.04	44.27	57.01	35.48	41.42	36.10	30.99	32.39	29.31	33.32	34.23	33.01	31.65	41.63	36.17	39.68	37.54	35.08	45.41	50.30	25.28	31.05	32.73	40.86	36.07	34.05	42.02	36.36	32.82	55.33	36.09	44.22	41.18	27.44	29.66	36.27	50.64	42.41	49.12	31.74	49.07	39.77	50.27	27.33	27.28	31.71	29.71	30.25	30.57	28.79	33.86	33.58	30.64	36.73	41.69	39.90	36.18	35.80	34.13	35.38	34.57	45.03	41.67	41.56	47.55
chr19	38193301	38203762	10461	COX6B1	58.23	21.21	30.56	22.89	35.45	30.89	24.95	52.31	46.98	49.43	47.80	60.62	41.54	45.39	41.15	33.20	36.09	32.56	36.39	34.87	33.59	32.83	44.05	37.92	41.08	40.09	33.84	41.58	50.63	29.97	34.55	35.88	40.95	36.98	34.98	44.90	37.57	35.67	55.52	34.72	44.28	45.65	32.46	36.81	38.23	53.72	42.75	55.27	37.91	49.99	39.81	50.30	30.22	30.18	33.59	30.59	34.25	32.87	32.55	37.03	36.48	37.09	41.25	44.86	42.73	40.16	40.12	38.92	41.98	34.99	47.20	45.59	41.31	45.30
chr19	38263316	38284192	20876	KMT2B	53.64	26.21	36.23	28.33	34.74	28.55	28.51	53.85	50.32	49.63	45.63	58.61	36.18	41.04	35.23	30.56	33.58	27.68	32.60	34.24	35.13	33.19	43.76	35.10	40.89	39.94	35.80	46.14	51.22	25.06	30.62	35.33	44.12	35.72	35.57	46.12	36.67	32.48	51.70	33.73	41.17	43.23	28.27	29.49	35.62	50.61	44.36	47.56	33.29	56.11	43.90	52.48	28.27	29.28	32.43	31.34	28.43	30.27	30.12	34.37	36.13	31.77	37.37	40.27	37.56	35.81	34.33	32.77	34.40	32.61	44.32	41.31	40.14	53.09
chr19	38540985	38542110	1125	SDHAF1	54.25	32.47	38.98	29.27	35.37	29.30	28.59	62.38	56.22	61.83	50.15	68.81	42.83	46.58	37.51	30.14	35.73	32.68	32.40	38.14	35.64	36.21	45.33	42.11	44.82	39.26	35.68	51.98	48.67	24.75	27.17	35.97	50.69	41.49	39.13	52.36	41.34	35.40	49.23	35.60	48.08	44.14	30.11	32.78	32.39	51.18	43.49	48.42	26.96	61.67	46.99	60.85	30.52	31.37	33.14	34.03	26.32	33.18	28.51	30.92	32.95	28.84	37.37	41.08	33.53	31.05	30.05	36.80	31.37	30.73	45.96	47.53	41.79	58.91
chr19	41235875	41391545	155670	RYR1	53.50	22.82	32.22	25.89	33.73	28.31	26.78	51.34	47.84	48.16	43.96	58.61	38.00	40.95	38.12	31.91	33.05	29.72	32.67	33.15	33.72	32.21	43.79	35.80	39.89	38.04	34.53	42.93	50.37	27.14	31.57	33.68	40.39	35.72	34.17	42.08	36.16	33.71	53.57	34.00	43.02	42.43	29.51	31.38	35.96	51.15	42.34	49.57	34.77	48.58	39.82	48.74	28.05	27.46	31.04	29.39	31.76	30.96	29.92	35.01	33.59	32.74	37.11	41.39	38.46	37.59	36.09	35.04	35.98	32.94	44.56	41.86	41.27	48.04
chr19	41719236	41734732	15496	SARS2	53.17	23.41	33.25	25.90	34.21	28.15	27.21	52.90	50.42	49.35	44.11	59.25	36.65	41.44	37.09	32.47	33.22	29.98	34.39	33.46	32.76	31.97	42.11	35.48	41.88	36.83	34.60	44.02	47.52	26.99	31.04	35.37	40.89	36.46	34.46	43.28	37.10	33.06	55.26	34.13	43.17	42.84	29.99	32.05	35.63	51.69	42.79	50.19	34.47	50.65	39.83	51.15	27.59	28.05	30.55	29.15	32.01	30.92	29.97	35.60	35.51	33.14	38.03	40.85	38.46	35.58	36.03	34.82	36.17	32.78	44.46	42.11	41.62	47.81
chr19	43169215	43199111	29896	PLD3	52.39	23.33	31.55	25.64	34.23	28.89	25.97	49.80	48.99	48.46	44.37	60.08	39.41	42.42	39.29	33.50	34.06	29.80	34.40	34.06	34.17	33.42	44.36	36.83	41.30	39.33	34.23	42.16	51.61	27.87	34.66	35.07	41.83	36.69	33.45	43.61	36.62	33.98	52.53	33.99	42.99	42.72	29.95	33.06	37.35	52.55	42.76	52.52	36.04	49.40	39.48	48.63	28.43	28.72	32.55	30.51	32.20	31.62	30.82	36.23	34.96	33.56	38.69	41.80	39.52	38.69	37.03	36.19	36.45	34.69	45.98	44.22	41.87	50.67
chr19	43214389	43235423	21034	PRX	54.51	22.81	33.17	27.39	33.09	28.97	27.72	51.11	47.93	49.35	44.77	57.71	36.52	41.62	38.04	31.87	34.45	30.30	32.68	33.50	36.43	32.54	43.06	35.52	40.37	38.03	35.22	44.66	47.07	26.56	31.32	34.61	41.70	36.56	33.87	43.17	35.63	32.20	51.91	32.42	44.29	41.96	28.77	32.43	35.46	48.24	42.44	48.95	35.09	49.91	41.06	50.83	28.84	28.19	31.46	29.22	29.68	30.29	29.05	33.71	33.91	30.73	34.79	41.12	37.90	35.27	35.21	35.26	35.17	32.79	44.91	42.33	41.91	47.97
chr19	43287652	43397080	109428	SPTBN4	53.78	23.20	32.57	26.47	34.42	28.78	26.86	51.25	48.16	48.54	43.80	57.69	38.83	41.88	38.60	32.41	33.16	29.83	33.86	33.88	34.83	32.13	42.95	35.92	39.82	38.47	34.01	43.58	50.80	27.79	32.88	34.57	40.41	36.09	34.38	42.16	36.78	33.72	53.30	34.08	43.15	42.94	29.76	32.23	37.38	52.18	43.51	51.87	35.35	49.15	40.38	48.63	28.55	28.21	31.36	30.55	31.97	31.47	30.33	36.52	34.54	33.21	38.59	41.67	39.68	37.64	37.24	35.09	36.52	33.95	45.56	42.61	41.83	47.34
chr19	44785944	44813592	27648	ATP1A3	51.99	22.27	32.37	26.39	31.69	27.81	25.91	51.39	49.25	49.02	42.51	56.60	35.74	40.59	36.21	30.78	33.62	27.57	31.11	33.12	33.64	32.19	41.63	35.03	38.79	37.29	35.67	45.90	48.51	25.67	28.34	33.44	40.07	35.16	34.45	41.14	35.11	32.34	51.30	33.65	43.06	40.71	28.09	29.71	35.29	47.26	41.13	47.48	33.52	48.74	40.12	49.48	27.75	27.84	30.06	27.62	29.51	28.81	28.68	32.52	32.76	30.02	35.07	39.58	36.74	35.48	34.75	32.82	34.50	32.23	42.10	39.75	39.62	49.92
chr19	46364839	46397157	32318	XRCC1	53.91	21.77	31.26	25.88	34.00	29.64	26.75	52.20	48.55	48.10	44.74	59.85	38.82	41.83	40.31	33.62	34.15	30.59	33.53	33.38	35.27	31.54	44.43	36.75	40.22	38.25	35.11	44.28	50.53	27.75	34.28	34.22	39.97	36.48	34.56	44.19	36.36	34.24	53.59	34.23	43.82	43.13	30.56	31.66	37.53	53.38	43.65	51.98	36.12	49.26	40.50	48.44	28.55	29.49	31.60	29.98	33.11	32.85	31.27	36.41	34.64	34.49	39.67	42.14	39.37	39.24	36.66	35.39	37.03	34.08	46.79	42.54	41.81	49.27
chr19	48312542	48324315	11773	RTN2	53.38	24.11	33.54	26.74	34.33	26.96	26.61	51.32	50.17	49.22	43.55	59.44	38.42	42.13	37.64	31.95	34.15	30.36	33.98	34.23	35.90	33.08	42.69	36.09	41.17	39.71	34.32	46.67	52.99	27.92	33.13	36.44	41.93	37.46	35.56	45.52	37.39	34.36	56.66	34.13	44.79	44.30	29.63	32.99	37.38	53.93	44.69	50.70	36.55	51.73	39.03	50.72	30.56	29.65	31.36	32.36	32.35	32.35	30.33	35.18	33.57	33.01	37.32	42.76	39.43	37.67	36.59	35.96	35.10	33.50	44.39	44.05	40.87	50.32
chr19	48761165	48801293	40128	NOVA2	54.45	21.93	29.88	25.84	34.40	28.24	25.73	49.79	46.67	47.03	42.33	56.99	38.30	41.22	38.45	31.73	31.50	28.69	32.35	32.81	34.78	31.82	44.67	36.20	40.16	37.01	33.62	42.42	49.45	26.69	30.90	33.29	38.59	35.21	33.57	43.19	36.17	33.37	52.47	32.21	42.78	42.21	29.50	31.18	36.80	50.13	41.02	49.02	35.06	47.42	39.69	47.68	28.57	28.02	31.24	29.39	31.71	30.72	28.95	34.88	33.49	32.71	37.16	41.46	38.43	37.40	35.65	34.40	35.88	33.11	43.51	41.14	40.37	46.68
chr19	49571633	49584398	12765	FKRP	56.90	22.54	32.95	26.07	33.71	30.56	25.57	49.81	48.86	46.58	46.14	60.37	38.67	41.66	39.40	33.58	35.12	32.05	33.90	36.57	34.93	32.57	43.12	37.64	40.21	39.25	35.98	43.70	50.79	27.68	32.32	36.46	42.89	38.43	33.61	44.90	37.96	34.36	55.44	34.45	45.34	46.26	28.51	30.72	36.37	53.60	43.90	51.35	36.16	50.86	42.94	50.95	30.97	27.15	32.23	31.04	31.07	31.70	29.24	34.98	33.90	33.28	37.61	41.84	38.02	36.05	36.89	35.48	36.45	33.32	46.13	42.48	42.49	49.38
chr19	51960188	51961759	1571	FTL	50.98	28.56	37.99	32.82	34.88	28.88	31.94	54.13	51.93	53.63	43.26	59.94	32.70	38.70	39.36	30.27	32.78	28.01	30.99	28.45	39.04	36.80	43.83	38.07	39.53	39.89	34.31	43.49	54.32	26.09	29.47	34.30	40.68	37.16	34.68	43.70	35.71	29.69	53.32	36.84	44.07	44.78	31.05	30.94	33.67	56.14	37.43	45.66	32.59	52.50	41.05	45.69	31.07	26.95	31.53	32.31	31.00	30.62	32.24	31.45	34.01	32.46	37.38	45.02	39.50	33.40	34.06	35.28	27.83	38.16	37.01	41.79	40.40	45.62
chr19	51963009	51988208	25199	GYS1	52.22	23.15	33.85	27.43	34.92	29.34	26.99	52.92	47.59	48.31	43.22	56.91	38.20	41.51	37.83	31.86	33.86	29.46	34.02	32.91	34.46	33.52	43.74	35.07	39.34	38.53	34.31	42.70	49.58	27.92	32.44	35.66	40.65	35.37	35.25	41.89	37.04	33.09	52.89	34.37	44.53	41.37	29.62	30.88	37.56	51.58	41.04	51.35	35.04	51.11	41.32	49.34	27.51	28.16	32.14	30.16	31.22	30.61	29.98	34.12	33.44	32.50	36.73	41.20	37.73	37.82	35.31	34.24	35.00	32.99	44.61	43.70	41.91	46.66
chr19	52690915	52713875	22960	CPT1C	52.75	20.68	29.81	24.15	32.40	28.21	24.41	48.18	45.84	45.84	43.53	57.39	37.39	38.46	36.43	30.96	31.79	27.92	31.39	32.85	32.52	30.63	40.76	37.11	40.12	37.53	33.06	41.44	47.88	25.41	29.51	32.44	39.73	34.47	34.16	41.15	34.53	31.31	48.72	32.27	41.10	40.51	27.55	30.83	35.23	50.20	40.79	48.36	33.94	46.41	39.32	47.55	27.23	25.85	31.64	28.74	29.11	29.25	28.12	32.20	32.54	31.84	36.76	39.40	36.55	36.21	33.60	33.08	34.17	31.72	43.42	40.85	39.99	45.06
chr19	52818426	52840522	22096	MED25	55.48	23.68	33.53	28.06	34.45	28.89	28.86	53.14	50.09	49.79	45.67	58.54	37.21	41.07	36.79	32.34	33.33	29.01	33.31	33.60	35.14	32.65	44.31	37.47	40.20	37.70	36.58	47.85	51.05	25.97	30.99	34.76	43.06	38.22	36.61	46.78	36.88	34.58	53.95	33.09	44.34	40.87	29.93	31.84	35.77	50.60	43.03	48.94	35.26	51.20	41.62	48.41	28.55	29.50	32.03	29.36	30.66	31.24	31.61	34.11	33.32	32.58	36.19	42.71	39.04	36.67	37.87	33.98	36.98	35.58	45.61	43.19	42.49	51.28
chr19	52861340	52867713	6373	PNKP	54.95	22.34	36.03	29.19	34.92	28.26	29.56	55.63	50.64	54.64	44.37	58.80	35.51	40.77	36.72	32.82	35.67	29.69	33.83	36.30	34.78	34.12	45.30	35.94	42.94	40.15	36.58	45.39	54.44	27.29	31.19	34.72	44.45	35.27	37.77	46.57	37.02	33.11	53.65	34.74	43.74	38.91	28.58	32.02	40.22	50.40	45.58	49.04	32.78	56.74	46.35	57.27	28.10	32.74	31.81	29.20	30.83	32.32	31.11	35.51	34.91	32.36	36.38	42.63	42.07	35.77	34.73	33.50	35.76	34.07	46.54	43.67	40.93	50.67
chr19	53291136	53398069	106933	MYH14	54.42	23.81	32.91	27.29	34.94	29.52	27.40	52.47	48.58	48.81	44.18	58.83	39.15	41.49	39.01	33.31	34.02	29.74	32.36	33.61	34.73	33.01	44.01	36.29	40.81	39.18	34.51	43.57	51.27	27.61	31.62	34.64	40.90	36.97	34.89	43.29	36.43	34.11	54.07	34.25	43.69	42.92	29.97	32.68	37.31	52.77	42.69	52.04	35.66	48.45	40.41	47.88	28.78	29.49	32.51	30.90	32.22	32.14	30.70	36.54	34.56	34.33	38.76	42.62	39.90	38.02	37.59	35.93	37.08	33.62	45.76	42.38	42.78	47.28
chr19	53399466	53421072	21606	KCNC3	45.09	20.45	32.26	25.53	28.47	24.17	25.13	47.53	45.36	45.58	39.54	50.47	30.78	33.75	31.57	25.26	28.05	24.04	27.81	27.65	30.82	29.76	36.71	32.82	34.85	34.05	32.15	42.47	41.00	21.60	25.34	29.14	37.57	33.16	32.63	39.09	30.78	27.61	46.30	29.03	37.07	36.07	24.20	25.17	31.21	44.26	38.11	38.51	28.54	47.85	38.43	46.88	23.45	25.29	27.18	24.68	25.11	24.49	24.53	27.85	28.58	23.85	29.96	34.35	31.81	28.62	30.02	27.17	29.22	28.17	36.45	36.98	34.17	45.96
chr19	54433438	54455031	21593	ETFB	53.95	22.68	31.50	26.45	33.68	29.29	27.65	50.10	46.87	49.56	44.81	60.44	38.27	41.76	40.25	32.74	34.16	29.34	32.19	33.64	34.33	30.91	45.04	35.63	42.05	39.52	33.22	41.92	49.53	27.94	31.96	34.40	43.08	34.90	32.43	43.64	37.08	32.11	52.78	34.26	42.77	41.99	29.75	32.73	36.86	51.41	42.08	49.85	35.12	48.61	40.68	48.55	30.62	27.35	31.23	29.55	31.97	31.27	29.95	37.01	35.31	34.22	37.33	40.43	39.01	36.38	35.80	35.40	36.76	33.74	45.53	43.63	41.69	47.36
chr19	56961901	56987358	25457	PRKCG	51.01	20.38	30.83	24.40	33.16	26.96	23.39	50.34	45.69	47.15	42.11	54.85	37.00	39.44	38.29	30.27	32.53	28.04	32.00	32.33	32.35	31.00	42.57	35.21	38.92	37.60	32.76	42.85	47.28	26.13	31.16	34.22	38.82	35.16	33.31	40.64	36.21	33.00	50.76	32.13	42.57	41.79	28.80	31.37	34.53	49.10	41.52	46.01	32.69	47.90	40.11	47.48	26.96	26.80	30.70	29.07	32.42	29.55	29.42	34.28	33.75	32.20	35.84	39.74	35.95	36.45	36.08	32.47	35.05	31.78	43.15	41.10	39.51	45.61
chr19	57218033	57235947	17914	CNOT3	56.08	25.93	37.45	29.68	34.12	29.36	29.61	54.88	52.20	52.27	44.64	58.64	35.15	40.38	37.68	32.51	33.42	27.37	34.06	33.02	34.58	34.34	43.24	35.34	39.30	37.51	37.73	46.35	50.71	24.44	30.63	33.71	42.87	37.66	37.02	45.09	36.06	32.86	51.98	33.39	41.61	41.93	30.01	29.63	34.35	50.64	41.94	47.36	33.67	54.60	40.22	54.85	28.81	28.70	31.71	29.77	29.32	30.35	28.14	34.73	34.96	30.96	36.24	40.95	37.80	34.07	35.02	34.83	34.60	33.54	44.56	41.89	40.89	52.32
chr19	58226371	58243170	16799	TNNT1	46.18	18.88	29.02	22.57	30.42	24.74	21.67	48.08	46.63	45.03	38.98	51.18	32.58	36.21	32.80	28.71	30.19	25.22	29.12	29.39	31.99	29.19	36.37	31.76	34.63	36.21	32.01	42.82	43.04	23.83	27.73	30.80	38.85	33.40	28.94	39.06	32.67	29.81	47.01	29.65	38.48	39.45	25.68	28.88	32.51	43.28	38.04	46.34	30.30	45.08	36.85	47.01	24.85	24.92	28.65	26.40	28.09	26.25	26.15	30.56	30.80	28.03	32.41	36.01	34.20	33.04	31.72	29.64	29.70	29.33	39.33	37.20	37.20	45.06
chr20	451837	475908	24071	RBCK1	56.06	23.89	31.71	27.02	34.91	31.30	28.08	55.09	49.52	47.96	45.96	61.68	40.03	42.46	40.80	32.71	36.16	29.29	34.83	35.75	36.62	35.20	45.01	36.87	42.82	40.76	36.49	44.39	53.45	28.09	33.39	37.06	41.98	37.52	36.96	47.35	37.52	34.69	54.84	34.79	44.34	44.30	31.41	34.32	38.30	54.02	44.62	51.84	36.83	49.93	41.75	50.18	31.33	28.96	33.49	31.64	34.43	32.45	33.30	37.95	37.73	36.28	41.50	44.58	41.71	41.15	39.15	37.25	38.05	35.57	46.32	43.72	41.92	48.16
chr20	804407	820382	15975	SLC52A3	55.39	24.59	31.79	28.72	35.48	28.99	29.67	52.14	51.59	51.22	46.82	59.89	40.71	41.13	40.43	33.59	36.83	31.12	34.65	34.43	36.74	35.51	47.03	38.48	40.85	40.63	35.78	44.78	51.89	28.39	34.15	36.73	42.42	38.89	36.48	46.83	38.18	33.61	54.11	34.82	45.14	44.92	31.90	33.36	38.44	54.86	44.03	53.21	36.63	50.58	41.52	48.83	31.92	30.25	33.72	33.43	32.61	32.88	33.55	37.47	35.94	36.00	39.44	43.78	40.99	40.66	38.03	37.66	37.89	33.03	46.86	44.25	42.50	48.42
chr20	2008888	2024418	15530	PDYN	55.91	25.33	32.17	30.34	35.64	29.45	31.99	53.30	50.37	50.85	44.51	58.13	42.88	44.33	41.42	34.08	36.67	30.57	33.23	32.56	34.85	34.55	48.02	38.88	41.35	40.93	35.08	44.12	53.67	29.14	33.05	36.15	40.66	37.00	36.68	45.74	37.62	33.46	56.57	32.52	44.72	44.08	32.19	34.56	39.42	54.49	44.13	51.29	38.20	50.13	40.27	48.14	31.39	29.71	33.67	32.55	35.60	33.99	34.85	38.43	37.19	34.59	41.81	44.24	40.56	42.38	39.01	38.64	39.05	34.61	49.61	42.78	43.01	46.74
chr20	2411267	2463114	51847	TGM6	57.40	26.53	33.18	29.83	36.60	31.05	32.00	53.58	48.95	48.77	45.90	60.91	43.18	41.23	41.33	34.77	35.19	31.40	34.59	34.34	36.23	35.44	48.53	39.21	42.70	40.62	33.59	43.41	53.77	29.73	34.25	37.14	42.31	37.46	37.41	46.02	37.46	35.34	56.69	34.44	44.96	43.77	32.98	34.75	40.38	55.85	44.77	49.75	39.24	46.47	39.43	45.74	33.14	31.46	34.83	33.22	36.02	33.84	34.57	39.76	38.02	37.60	42.19	45.86	40.80	43.34	39.97	39.50	40.01	36.01	48.23	45.59	45.35	48.11
chr20	2683092	2688860	5768	NOP56	55.96	24.87	34.17	27.77	37.48	26.78	31.65	53.59	47.24	50.25	46.36	58.96	41.42	43.03	42.38	34.22	39.11	30.18	33.71	33.12	37.38	31.62	43.24	38.90	39.36	39.92	34.35	44.49	55.03	29.60	31.82	38.61	41.98	37.26	35.15	42.88	37.09	34.32	54.34	33.99	43.36	43.10	33.64	34.87	38.15	52.33	42.61	47.44	38.64	49.40	42.83	50.43	30.38	27.47	33.92	31.74	32.12	32.53	30.05	37.93	37.96	32.82	38.59	41.77	39.82	39.19	36.13	35.59	35.43	35.50	45.54	45.78	42.11	47.70
chr20	2871418	2897578	26160	VPS16	55.75	24.04	32.23	26.39	34.68	28.81	28.62	52.81	49.40	49.06	44.95	59.74	41.56	43.05	39.53	33.78	36.78	29.89	34.32	33.88	35.69	33.28	43.77	36.49	40.69	38.50	34.86	44.33	52.01	27.97	32.95	34.54	40.82	36.43	36.86	44.07	38.04	34.31	55.15	34.79	43.73	43.03	30.36	33.05	38.74	54.80	43.35	50.70	36.18	47.56	41.31	47.67	29.51	29.45	32.17	31.64	32.15	32.14	30.59	37.85	35.62	34.74	40.12	46.27	41.32	39.47	39.09	35.84	38.95	34.67	46.46	44.18	43.63	48.50
chr20	3919716	3960811	41095	PANK2	55.81	23.77	32.16	27.15	36.24	29.69	29.56	53.06	48.57	49.68	46.22	60.64	43.80	42.96	42.43	34.37	36.89	31.01	33.88	34.96	35.66	35.60	47.91	39.73	43.81	40.53	33.61	42.67	54.53	30.53	35.37	36.76	42.86	37.51	35.65	45.50	37.78	36.53	57.76	35.71	43.80	45.44	32.74	36.20	40.40	56.42	44.57	53.37	39.51	46.79	40.29	46.29	31.91	29.79	32.34	32.36	36.42	35.01	33.76	40.05	37.40	37.99	41.77	45.38	42.83	45.02	40.57	40.01	40.55	34.95	49.40	45.46	44.88	47.22
chr20	4725691	4740800	15109	PRNP	58.41	29.09	34.15	31.50	36.23	30.98	31.34	51.38	50.08	48.92	47.07	62.26	45.81	40.55	44.89	35.98	35.57	30.24	34.32	35.40	36.31	35.68	51.33	38.27	44.74	41.52	32.44	41.93	55.98	31.16	36.27	40.98	40.07	36.21	36.10	49.92	37.73	36.76	56.04	33.12	44.93	43.90	32.71	36.96	44.37	58.61	45.11	37.96	42.32	48.44	39.83	45.83	34.15	32.92	35.81	35.29	35.98	35.24	35.45	42.32	41.65	39.58	42.95	48.53	43.81	46.26	43.06	41.42	42.79	36.79	50.56	45.27	43.95	47.58
chr20	5154375	5166040	11665	PCNA	59.97	26.13	33.42	30.67	35.89	32.71	31.94	52.28	48.93	50.29	47.89	61.82	47.43	43.49	45.41	38.19	40.33	34.35	35.74	37.19	37.61	36.35	51.09	38.01	43.87	42.06	34.12	43.72	58.98	31.54	38.62	41.23	44.79	37.38	40.69	50.43	39.80	36.30	60.34	36.67	45.96	45.27	36.17	37.01	43.88	60.03	48.35	56.16	42.00	47.64	42.90	49.28	32.16	33.74	36.32	33.71	37.07	38.13	37.19	41.99	41.47	40.77	45.77	46.90	46.13	47.41	43.67	42.99	43.55	37.49	53.29	47.87	46.67	47.94
chr20	8174227	8928072	753845	PLCB1	60.88	28.34	31.73	31.26	37.64	32.59	33.22	53.40	48.62	49.82	47.66	64.21	47.46	41.94	45.74	37.07	38.83	32.47	35.05	34.62	37.97	37.73	52.39	40.39	44.82	42.61	33.86	42.59	59.76	32.54	38.02	40.84	40.45	38.36	40.28	51.29	39.48	37.32	57.20	35.55	45.89	45.35	35.79	38.16	43.94	62.07	46.74	35.34	43.58	45.00	40.76	43.86	33.80	34.08	37.00	35.56	38.75	37.19	37.44	44.23	41.52	41.49	46.87	49.20	46.36	48.97	45.89	44.22	44.91	37.94	52.51	47.48	47.85	46.58
chr20	10261694	10350292	88598	SNAP25	60.76	28.36	32.42	30.79	36.37	31.38	32.65	53.42	49.01	49.74	47.70	63.95	46.41	42.69	43.86	36.08	39.32	31.90	35.20	34.89	37.07	37.46	51.41	39.39	43.08	41.69	33.59	42.85	57.62	32.26	38.02	39.57	39.98	37.31	39.76	48.94	38.78	37.14	56.45	35.45	45.78	44.75	35.78	37.35	42.80	60.96	46.95	41.72	42.98	47.60	41.08	46.33	32.83	33.50	36.73	34.77	37.29	36.98	36.97	43.18	41.03	41.19	45.93	47.15	44.85	47.85	44.22	42.35	43.22	37.07	50.97	46.41	47.48	45.97
chr20	10680697	10717017	36320	JAG1	57.11	25.25	32.67	29.41	38.03	30.91	30.93	55.10	49.31	51.52	46.28	61.10	42.76	44.89	42.08	35.41	36.97	32.10	35.80	35.66	36.17	35.44	48.75	37.90	42.42	41.50	33.74	44.86	54.98	30.59	36.52	39.73	42.07	36.99	38.48	49.25	39.51	36.75	58.29	36.36	47.03	45.21	35.06	36.34	40.50	58.01	46.43	53.95	40.60	50.42	41.52	50.37	31.59	32.77	36.74	34.06	37.71	36.56	34.70	40.95	40.97	38.71	45.08	47.64	42.97	44.54	42.31	41.03	41.31	35.45	50.25	46.66	44.67	48.37
chr20	13052386	13212449	160063	SPTLC3	60.83	28.16	32.15	30.18	36.66	31.88	33.11	53.00	48.63	49.99	47.28	63.46	46.83	42.17	44.71	36.74	37.76	32.37	34.77	34.36	37.38	36.75	51.76	39.54	44.14	41.96	34.17	42.69	57.68	32.14	37.54	40.14	41.19	38.00	39.57	50.35	38.79	36.22	56.95	34.79	45.92	45.52	35.25	38.08	42.92	60.21	46.61	38.46	42.58	45.83	40.06	44.85	34.27	33.15	36.67	35.15	38.39	37.08	36.79	43.09	41.42	41.42	46.39	48.17	45.34	48.50	45.34	43.56	43.58	36.93	50.82	47.28	46.50	46.22
chr20	18020140	18042263	22123	MGME1	57.99	24.45	31.18	25.87	36.43	31.34	26.96	52.57	47.45	49.61	45.07	60.85	43.64	43.57	43.65	34.42	37.05	32.52	33.77	33.78	36.20	33.87	47.25	38.91	42.69	40.97	33.80	43.25	56.32	31.81	34.86	37.34	39.07	36.83	37.89	44.90	37.56	36.49	55.60	36.31	45.30	44.73	33.01	36.35	41.05	57.03	44.91	54.24	40.75	47.46	40.50	45.58	30.67	30.55	34.59	33.91	37.43	35.90	34.98	40.57	39.55	39.79	43.51	46.90	43.77	44.50	43.33	40.99	40.25	36.47	50.46	46.59	44.92	48.16
chr20	23686281	23697531	11250	CST3	55.58	27.56	35.15	29.14	35.04	30.28	31.53	54.55	51.57	52.26	46.30	59.24	40.43	40.42	40.38	36.32	35.88	30.73	31.85	33.66	36.34	34.78	46.30	36.87	41.05	40.16	36.87	45.84	51.69	27.35	32.10	37.54	41.21	37.58	36.95	48.06	37.59	32.64	54.21	33.60	46.41	43.22	31.55	32.61	38.53	54.45	46.06	48.31	36.83	50.05	40.94	48.05	31.78	30.75	34.24	31.58	33.20	33.99	33.66	37.67	38.04	34.66	40.13	45.86	39.09	40.78	39.42	38.77	37.91	33.96	47.92	44.20	43.48	51.08
chr20	25359832	25455939	96107	ABHD12	57.09	25.91	33.74	28.67	35.55	30.16	29.43	53.60	48.97	49.96	45.32	60.27	42.69	43.29	41.86	34.06	36.12	31.20	34.97	34.84	35.98	33.42	47.33	37.52	41.23	40.83	34.67	44.19	53.56	29.49	34.66	37.54	41.75	37.71	37.80	46.86	38.34	36.21	55.60	35.97	46.35	45.78	32.19	34.46	40.07	56.71	44.33	52.40	38.72	49.99	40.90	48.23	31.31	31.39	34.54	33.03	34.79	35.56	33.37	39.89	37.71	36.96	41.66	46.47	43.06	43.16	40.95	38.38	40.05	34.96	49.39	44.19	44.07	48.39
chr20	34083214	34164178	80964	ASXL1	57.42	24.61	31.06	28.63	36.24	31.09	29.66	52.14	47.13	48.52	45.52	60.89	44.60	42.67	43.04	35.85	37.04	32.18	35.00	34.32	36.95	34.77	47.49	39.32	43.46	41.43	33.44	42.53	55.62	30.23	36.14	38.04	39.72	37.14	37.63	46.38	38.84	35.91	55.07	35.37	45.12	44.08	33.22	36.22	41.52	58.07	44.12	53.09	40.68	45.38	39.86	45.34	31.81	31.40	33.74	32.59	36.50	34.63	34.13	40.42	37.09	38.74	43.50	46.60	43.46	45.58	42.89	41.38	40.90	36.80	49.07	45.95	44.96	46.51
chr20	34489112	34536082	46970	DNMT3B	57.88	24.76	34.23	28.53	35.68	29.33	29.70	54.05	49.32	51.11	47.44	62.36	40.94	43.81	41.37	34.45	36.80	31.96	34.53	35.40	36.32	34.86	47.62	38.27	42.46	40.47	35.70	44.48	52.11	30.29	34.29	37.06	41.46	37.15	36.80	46.58	39.31	36.36	56.34	34.31	45.27	44.66	33.19	35.18	40.21	54.65	45.37	53.91	37.81	51.42	40.10	49.88	31.27	31.04	33.45	32.30	34.35	34.51	32.98	38.66	36.19	35.88	42.32	44.54	41.63	42.40	40.08	37.96	39.36	35.68	49.10	44.48	44.92	49.45
chr20	38614120	38676051	61931	SAMHD1	54.42	23.95	31.27	26.87	35.31	29.81	26.80	52.64	47.69	47.23	43.75	58.78	42.98	43.03	42.71	34.28	34.89	30.73	33.75	33.80	34.98	33.44	45.02	37.81	42.21	39.25	33.18	42.77	52.91	29.35	34.40	37.20	39.06	35.89	36.09	42.52	37.80	35.28	55.08	34.55	43.28	43.41	31.64	34.51	39.40	54.76	41.80	53.53	39.10	45.38	39.16	45.31	30.53	29.87	33.57	31.53	34.58	33.99	32.33	38.96	34.64	36.38	41.77	44.84	42.08	43.12	41.28	39.00	39.40	35.44	47.85	44.22	43.94	45.69
chr20	47559704	47563804	4100	TNNC2	46.26	24.93	32.60	27.13	32.26	30.46	29.95	52.00	45.96	46.55	44.07	58.01	34.50	42.25	36.28	27.34	30.61	26.63	33.28	32.88	33.75	34.14	44.33	35.29	35.45	37.93	37.84	43.55	49.16	27.67	30.58	36.41	43.86	28.64	33.33	40.86	35.41	32.85	51.11	33.94	45.52	39.98	27.48	28.08	33.87	47.35	41.69	48.12	33.51	55.73	40.84	53.05	25.13	28.91	34.26	28.39	32.06	27.38	27.50	34.26	31.55	31.63	34.44	40.07	35.61	36.80	34.19	31.30	34.97	29.66	44.18	39.54	40.60	47.26
chr20	52705453	52729167	23714	DPM1	57.86	27.74	34.24	30.38	36.39	31.81	32.30	52.21	48.92	48.49	45.83	62.99	46.55	43.64	44.18	35.79	37.25	32.67	35.06	34.35	36.78	37.36	49.38	39.20	43.62	41.93	34.02	43.25	56.39	31.45	36.15	40.18	42.48	36.49	38.04	48.53	39.84	35.84	56.73	36.80	45.52	43.43	34.26	36.74	43.60	59.78	45.13	50.56	41.17	45.14	42.31	45.49	33.98	33.30	35.04	34.23	36.99	36.68	35.29	42.38	39.31	40.90	46.20	47.16	44.71	48.76	42.66	42.52	43.89	37.49	49.25	47.59	46.65	48.76
chr20	60170196	60232150	61954	VAPB	60.80	25.76	31.63	29.16	36.57	31.05	30.43	53.23	47.17	49.96	46.39	61.77	44.34	43.09	44.29	36.30	38.11	32.01	34.50	34.53	37.01	35.54	49.89	39.31	43.63	41.85	33.81	42.36	57.33	31.78	36.56	39.56	41.51	37.20	38.05	48.72	38.89	36.61	56.41	35.83	45.58	44.99	33.88	37.49	41.24	59.49	47.45	49.05	40.86	47.00	41.38	47.38	32.21	32.70	36.05	33.93	37.88	35.67	35.74	41.42	40.47	39.82	43.06	47.43	44.80	45.88	43.35	42.12	42.91	36.60	50.93	46.26	45.60	47.50
chr20	65714972	65755860	40888	DNAJC5	55.28	23.81	35.15	27.74	35.43	29.73	28.15	51.74	48.21	49.10	45.44	59.32	39.42	43.22	39.76	34.18	35.08	30.48	34.95	34.75	34.86	33.81	45.28	36.96	41.51	39.43	34.17	44.12	52.24	28.03	32.85	35.63	42.79	36.36	36.03	42.87	38.01	34.95	55.34	34.92	43.72	44.70	30.91	33.71	38.62	53.23	43.86	52.23	36.77	50.21	41.82	50.05	30.31	29.38	30.97	31.66	33.25	33.00	31.96	38.11	35.66	34.68	39.25	43.19	41.06	40.04	38.48	37.01	38.02	34.54	46.14	43.96	42.39	49.71
chr21	23996798	24075106	78308	JAM2	60.42	27.71	32.18	30.19	37.41	31.89	31.54	52.62	47.82	49.32	47.10	62.64	46.17	42.84	46.09	36.82	38.36	32.04	34.63	34.65	37.30	36.86	50.96	39.77	43.81	42.74	33.96	42.82	58.06	31.90	37.00	39.87	40.81	38.25	38.87	49.20	39.93	36.31	57.95	35.67	47.22	44.89	34.11	36.74	43.43	61.20	46.60	49.68	42.37	45.05	39.82	43.59	33.91	33.03	36.30	34.61	38.24	36.52	36.33	42.34	40.20	40.36	45.49	48.63	44.73	47.16	44.23	42.79	44.04	36.63	51.69	46.43	46.86	45.93
chr21	24238621	24529258	290637	APP	60.08	27.41	32.05	29.86	37.52	31.74	31.77	52.96	48.48	50.11	47.34	64.08	47.12	43.02	45.62	36.94	38.35	32.69	35.27	35.05	37.84	37.60	51.25	40.29	44.59	42.39	33.53	42.91	57.66	32.30	37.88	39.36	41.19	38.60	39.17	49.56	39.59	37.19	57.61	36.03	46.24	45.43	35.07	38.29	43.10	60.81	46.59	48.18	43.14	46.00	40.87	44.88	33.71	33.42	36.45	35.22	38.57	36.99	37.02	43.72	40.59	41.48	46.22	48.74	45.58	47.83	44.74	43.51	44.11	37.46	52.25	47.21	47.01	47.23
chr21	30027676	30036914	9238	SOD1	59.13	25.33	32.53	32.21	34.64	31.53	32.21	50.23	50.38	50.41	46.55	61.46	45.78	41.91	43.44	36.60	39.41	30.93	35.72	34.05	37.13	36.33	49.08	39.30	45.52	39.99	33.29	41.77	56.34	30.79	34.96	39.82	39.69	38.22	37.70	46.64	39.30	35.13	55.19	34.23	44.79	43.89	34.31	38.24	40.63	59.43	46.01	48.52	42.53	47.69	40.23	48.19	32.47	31.37	35.75	33.77	36.46	36.56	37.47	42.92	37.01	37.58	44.53	47.13	42.53	45.62	43.84	41.22	42.86	36.56	49.31	44.54	47.26	47.97
chr21	30994763	31094413	99650	SYNJ1	61.23	27.82	32.62	31.28	37.50	32.33	33.05	54.03	48.77	49.76	47.10	64.00	48.41	43.02	46.60	36.42	39.10	32.16	35.04	34.68	38.35	37.80	52.90	40.75	44.53	42.85	34.52	44.03	59.53	33.03	39.12	40.28	41.46	38.66	39.88	50.57	40.30	37.23	57.89	35.81	45.50	45.21	35.09	38.53	44.47	62.50	47.41	49.01	44.20	45.10	41.36	42.92	34.42	34.53	37.60	35.11	38.63	36.54	37.51	44.16	41.31	42.04	47.33	50.16	47.12	48.85	45.43	44.14	44.50	37.69	52.87	47.15	48.20	46.67
chr21	31099917	31138061	38144	PAXBP1	60.96	27.34	32.38	30.72	37.12	32.27	33.18	51.90	48.12	49.56	46.47	63.18	46.53	40.86	45.50	36.52	39.18	32.57	33.68	34.14	37.17	37.33	51.60	39.90	44.76	41.58	33.82	41.88	56.38	32.79	37.21	40.75	40.49	37.87	40.58	50.62	38.39	36.67	56.05	34.91	44.67	44.05	36.35	37.14	42.51	60.62	46.17	39.55	43.24	45.76	41.62	44.45	33.40	34.46	37.57	34.39	37.67	35.97	36.77	43.51	41.48	43.37	45.85	48.86	45.81	49.83	44.07	44.04	44.89	37.78	51.98	47.32	47.49	47.12
chr21	42074670	42117910	43240	PDXK	57.12	24.33	34.99	28.58	35.11	29.92	28.99	54.50	50.86	50.17	46.48	60.31	36.47	42.38	37.19	33.03	33.75	30.41	33.61	34.29	35.05	34.19	44.90	36.70	41.51	38.70	36.70	46.13	50.57	26.55	31.00	35.26	43.28	38.04	36.76	45.56	37.08	33.56	53.42	35.51	44.62	43.24	29.11	31.41	36.97	51.30	43.32	49.79	34.57	54.06	42.57	52.44	28.79	29.24	33.04	31.00	31.05	30.39	29.81	35.08	35.25	31.11	36.15	42.83	38.81	36.84	35.64	34.89	35.95	34.24	47.08	44.10	41.19	51.27
chr21	44356235	44380470	24235	COL6A1	55.86	23.92	34.01	28.45	32.61	28.04	26.67	52.11	51.18	50.91	46.47	57.92	33.00	39.18	33.85	30.25	32.56	29.47	33.26	34.62	35.90	34.77	43.32	34.88	39.96	37.79	36.44	46.25	49.29	23.47	28.95	34.26	43.93	37.59	36.13	46.93	36.52	31.27	49.56	33.93	41.14	42.43	26.75	29.08	34.39	47.41	44.15	42.13	31.10	56.55	44.39	55.23	27.93	27.24	32.16	29.27	26.51	27.22	27.54	32.87	32.85	27.63	31.96	39.50	37.17	30.08	30.29	31.41	32.46	32.42	42.40	41.71	39.32	52.74
chr21	44476192	44510935	34743	COL6A2	57.41	25.99	37.14	29.48	35.56	29.43	30.46	54.41	50.62	51.88	47.16	61.52	38.07	39.68	38.10	33.50	35.11	28.91	32.12	33.58	36.02	34.43	47.37	36.98	42.07	40.41	35.17	45.69	53.72	27.39	30.95	38.58	43.15	39.05	38.80	47.84	36.84	32.79	52.59	34.36	44.26	43.06	29.67	31.48	38.55	52.74	46.87	45.76	34.44	55.37	43.17	53.72	30.47	29.06	34.45	31.58	30.70	30.78	30.41	36.97	36.12	32.62	36.04	43.23	40.22	37.02	35.27	35.57	35.52	34.90	46.25	44.48	43.53	50.96
chr21	44617687	44668208	50521	MCM3AP	56.20	24.78	33.23	28.01	36.59	31.17	28.50	54.65	50.75	48.72	45.41	60.50	42.47	43.11	43.13	34.84	37.02	31.17	34.47	35.99	34.41	33.72	47.49	38.13	41.07	40.17	34.47	44.54	53.39	30.05	35.48	38.74	42.82	37.79	37.91	46.32	39.16	35.37	55.83	36.03	46.15	45.02	33.67	35.30	40.30	56.33	44.39	55.56	38.75	47.49	41.46	48.06	31.50	29.58	35.75	32.32	35.21	33.77	33.64	39.21	37.83	38.18	42.52	45.36	42.60	41.87	40.39	38.75	39.95	35.07	49.59	46.22	44.87	49.06
chr22	19551494	19554686	3192	SLC25A1	54.31	26.06	37.50	31.60	28.04	29.90	31.43	54.71	59.47	55.73	46.20	54.82	31.32	43.51	32.00	32.54	34.48	32.61	29.07	33.72	36.60	31.80	39.64	33.37	40.36	36.92	39.39	50.91	52.94	20.86	25.55	34.57	43.55	40.58	38.07	48.77	36.89	31.33	47.37	34.23	42.64	40.69	22.73	26.04	35.77	50.81	44.57	38.19	30.67	59.94	47.34	58.55	25.86	26.57	32.92	30.27	27.56	23.71	24.30	32.83	30.61	25.42	25.85	34.99	38.14	29.91	29.54	31.76	31.52	31.55	44.15	44.56	36.96	54.19
chr22	19899864	19902178	2314	CLDN5	59.03	28.91	34.08	33.63	34.27	29.66	32.53	64.85	56.06	63.28	50.18	59.53	30.34	41.06	36.08	37.86	38.38	31.62	38.55	37.72	37.51	35.79	49.69	43.52	41.31	43.42	37.65	55.29	50.85	23.63	32.28	38.72	47.95	42.47	40.91	50.45	39.92	33.76	57.60	35.53	46.86	43.44	25.87	27.73	37.02	49.84	49.89	45.00	31.58	61.70	53.16	63.18	27.30	30.03	33.12	32.48	28.52	29.61	25.42	33.16	37.20	30.95	38.25	42.65	47.51	38.97	32.62	34.60	31.58	29.73	40.22	42.85	38.64	60.12
chr22	20394640	20444782	50142	TANGO2	55.52	24.59	33.87	27.94	35.01	30.16	28.16	54.48	51.85	50.46	46.37	60.52	38.92	42.52	37.91	33.62	34.61	30.75	34.34	34.91	34.89	32.92	44.07	36.68	40.66	39.69	36.25	46.30	51.53	27.40	31.48	36.34	42.83	37.81	36.18	45.53	38.71	34.22	53.63	35.24	43.87	44.06	30.77	32.83	36.88	52.62	43.35	51.74	35.39	51.87	43.32	50.38	29.59	29.72	34.08	30.70	31.80	31.52	30.12	35.89	36.62	33.71	38.55	43.44	40.02	37.14	36.38	35.24	36.73	35.08	48.59	44.65	42.83	50.73
chr22	20828869	20842097	13228	SCARF2	51.39	25.04	36.07	29.96	32.73	27.06	28.69	51.89	52.45	51.82	44.94	57.99	33.67	38.38	33.93	30.56	32.74	27.50	31.94	34.15	36.25	33.81	43.15	33.47	41.15	39.28	38.48	48.39	46.92	23.85	26.91	34.68	43.50	38.12	38.17	43.20	34.37	30.20	49.60	32.75	41.80	41.69	26.54	27.98	35.67	46.57	42.20	43.01	32.01	56.07	45.26	54.98	27.37	29.01	31.54	28.86	26.66	27.56	27.44	32.46	33.07	29.53	31.81	39.56	35.43	31.16	32.31	31.19	33.07	33.37	42.73	40.03	38.82	53.69
chr22	21116399	21267532	151133	PI4KA	57.66	24.78	32.74	27.97	36.45	30.29	29.36	53.10	49.69	50.53	46.16	61.51	42.44	43.87	42.01	34.50	36.43	31.62	35.49	36.03	36.00	34.73	47.11	37.55	42.49	39.96	35.20	44.46	54.72	29.86	34.92	37.00	41.62	37.39	37.00	45.75	38.84	35.83	55.83	35.49	45.22	45.52	32.16	35.06	39.53	56.15	44.95	55.64	38.38	49.57	41.61	47.81	31.19	30.86	33.62	32.83	34.75	34.43	33.45	38.99	37.47	36.83	42.58	45.20	42.57	42.69	39.71	38.74	39.37	36.24	48.34	44.94	44.41	49.37
chr22	24213027	24215165	2138	CHCHD10	54.59	20.12	28.95	24.51	33.27	22.13	22.34	54.83	56.81	59.11	41.02	54.05	35.89	40.16	33.42	27.19	32.59	26.92	32.89	32.63	35.38	32.84	38.61	31.62	36.42	37.05	35.77	52.36	49.10	19.26	27.89	34.70	42.75	31.68	33.88	44.40	36.16	29.58	53.37	28.42	43.61	40.12	24.64	27.78	35.71	46.96	40.60	40.41	31.32	54.17	41.86	51.25	29.70	30.35	25.14	30.77	26.25	26.31	25.86	32.51	31.26	25.52	30.35	36.31	36.21	33.04	33.72	32.21	32.35	32.28	45.35	39.09	39.44	53.05
chr22	26203365	26493307	289942	MYO18B	57.81	26.27	32.67	29.42	35.92	30.33	30.80	53.20	49.29	49.43	46.23	61.74	43.20	43.43	41.25	34.76	36.50	31.52	34.70	35.29	35.89	35.59	49.38	38.13	42.12	40.78	34.08	43.11	54.47	30.16	35.06	37.33	40.21	37.52	37.67	47.57	38.28	35.90	55.65	34.96	45.42	44.64	33.46	35.84	39.96	56.82	45.17	49.51	39.39	48.88	40.23	47.78	31.11	31.93	35.23	33.13	35.75	35.18	34.53	40.18	38.01	37.71	42.98	45.43	42.36	43.09	41.07	39.88	40.36	35.56	48.79	44.96	44.80	47.53
chr22	29943566	29954761	11195	NEFH	56.47	22.76	33.22	27.39	35.13	31.67	30.24	53.63	49.26	49.59	44.06	60.52	39.53	46.01	39.46	33.23	36.62	32.90	35.15	36.76	34.96	32.77	48.48	37.89	41.17	41.45	34.47	45.17	51.81	27.06	32.32	36.55	42.49	39.15	37.49	46.80	37.74	34.17	54.98	34.37	44.87	47.75	30.25	35.36	38.82	56.37	43.84	54.81	38.89	51.92	41.37	52.54	31.22	31.69	34.90	30.24	32.51	34.80	33.68	38.72	39.40	35.40	38.34	42.50	41.94	41.20	37.51	37.14	38.22	34.92	46.47	45.74	41.66	50.89
chr22	31388695	31432332	43637	MORC2	58.35	27.11	33.38	30.14	35.96	31.50	31.93	54.16	49.44	50.15	45.14	62.11	44.61	41.94	42.65	34.87	36.45	32.64	34.57	35.16	35.95	35.71	49.17	39.49	43.49	42.51	33.81	44.70	54.69	29.71	35.54	38.94	42.43	38.23	37.62	49.49	38.75	35.94	55.81	35.59	44.72	45.10	33.98	37.11	40.18	56.87	44.78	51.00	40.69	47.92	41.54	46.98	32.55	32.36	34.59	33.04	36.03	35.18	34.94	40.40	39.01	38.40	44.16	47.08	42.74	44.19	41.57	39.82	41.51	36.86	48.93	46.15	45.77	48.85
chr22	32938704	32962724	24020	FBXO7	60.18	28.47	33.69	31.18	36.38	31.94	33.12	53.26	49.64	49.53	48.03	63.69	47.54	42.66	45.51	37.27	38.47	32.07	35.99	34.87	38.44	37.83	52.27	39.13	44.65	42.78	34.08	42.48	59.45	32.57	38.37	39.51	41.21	38.51	39.96	51.95	37.69	37.84	56.22	35.82	46.11	47.24	36.43	38.26	43.50	61.79	46.16	46.75	42.14	46.56	41.34	46.22	33.36	33.03	39.19	36.84	37.83	36.16	36.91	43.82	41.41	41.44	46.30	50.04	45.97	48.22	44.43	42.97	46.27	36.83	52.58	47.68	48.45	46.80
chr22	33737381	34380164	642783	LARGE1	58.19	26.31	32.42	28.97	36.30	30.99	30.46	53.20	48.72	49.34	46.10	62.28	44.52	43.76	42.76	35.67	37.08	31.95	35.13	35.56	36.26	35.33	49.07	38.72	42.67	40.87	34.18	42.97	55.74	30.67	36.20	37.90	41.01	37.73	37.59	47.58	38.80	36.02	56.43	35.27	45.69	45.09	33.95	36.01	40.83	57.48	44.98	52.39	40.46	48.38	40.84	47.08	32.07	33.14	36.09	33.28	36.42	35.63	34.89	40.80	38.83	38.82	43.97	46.27	43.10	43.78	42.52	40.14	41.12	36.28	49.87	45.43	45.32	47.07
chr22	36065731	36082323	16592	MB	54.77	26.90	34.44	29.63	33.27	30.95	32.57	53.26	48.79	51.29	44.42	61.03	39.28	43.12	39.42	34.51	34.56	30.63	34.33	36.14	35.32	34.93	45.52	37.07	40.61	39.50	36.32	45.50	50.84	28.17	35.55	35.82	41.15	38.09	35.81	46.10	37.16	35.34	56.12	34.25	44.76	43.46	31.20	33.69	38.31	51.50	44.60	53.06	36.63	50.45	40.08	50.63	29.50	31.79	33.82	31.84	33.22	33.42	32.62	38.79	37.79	35.84	40.55	43.01	40.31	41.67	39.71	37.30	37.33	35.24	46.21	44.73	42.98	50.55
chr22	37511339	37522988	11649	KCTD17	54.41	25.37	35.73	27.97	34.64	29.03	28.11	57.49	56.54	51.85	43.09	58.76	33.71	40.51	35.62	32.85	32.26	28.03	33.76	32.94	33.83	34.15	44.26	35.06	39.90	37.47	34.89	47.26	50.78	25.65	30.94	35.52	44.20	37.78	37.91	45.71	36.06	30.11	53.67	34.56	41.74	41.55	28.57	30.54	36.55	50.20	43.39	47.80	32.28	55.23	43.58	52.78	27.94	29.62	31.73	28.70	27.95	29.26	27.57	35.10	32.95	30.66	34.42	40.29	35.91	33.89	34.81	31.01	34.59	33.42	45.59	42.66	41.72	51.65
chr22	38433933	38446177	12244	SOX10	55.86	23.35	32.75	27.01	32.94	30.32	26.95	52.64	48.00	49.45	44.28	56.01	35.79	40.02	37.03	30.70	32.48	27.63	30.70	32.13	33.91	31.68	43.85	34.50	38.84	36.47	37.84	46.70	48.05	23.90	28.60	32.38	42.65	38.17	35.04	44.41	33.59	31.81	50.99	33.21	41.62	41.68	27.63	29.84	36.48	51.66	42.18	46.59	31.46	53.11	41.38	52.63	28.16	29.02	32.40	28.94	27.99	29.35	27.15	33.97	33.24	30.08	33.50	40.28	37.08	32.58	33.26	31.98	35.13	33.40	41.89	41.24	41.88	49.00
chr22	38574671	38644982	70311	PLA2G6	55.62	24.76	34.31	28.14	34.54	29.33	29.61	53.59	50.71	49.30	44.13	60.26	38.62	42.32	40.68	33.65	34.44	30.19	34.67	34.74	35.11	33.26	45.76	36.65	41.36	39.53	34.52	45.22	50.56	28.36	33.13	36.27	42.93	36.80	36.51	43.26	37.72	34.39	54.84	34.74	45.06	44.30	30.74	32.97	37.98	53.71	43.35	53.10	35.73	49.20	40.66	50.04	30.00	29.96	31.92	31.42	32.58	32.55	31.93	36.88	36.22	34.84	39.88	43.16	40.83	40.11	37.75	36.71	37.29	34.91	46.44	43.67	42.83	48.94
chr22	39694032	39715652	21620	PDGFB	55.67	24.39	35.51	28.09	35.01	28.36	28.20	53.13	50.99	51.43	45.41	58.16	35.48	40.18	37.01	31.51	34.69	29.87	32.74	34.72	35.47	34.22	42.83	37.13	39.60	38.33	37.31	46.92	49.04	24.86	31.13	35.77	43.39	36.49	34.47	46.53	38.11	32.93	52.53	34.50	44.10	43.39	28.74	31.81	37.16	50.37	43.25	49.10	33.09	53.97	41.53	52.71	29.90	28.13	31.53	31.32	30.72	30.82	30.31	34.30	34.89	31.39	35.88	40.70	39.00	35.40	33.61	33.41	35.25	33.69	43.75	41.82	38.32	52.22
chr22	41567503	41655012	87509	EP300	58.04	24.31	31.02	28.36	36.12	30.55	29.67	52.72	46.86	49.03	46.50	62.36	45.23	43.23	44.19	35.73	37.72	32.21	35.19	35.08	36.97	35.64	49.40	39.42	42.87	41.65	34.03	42.81	56.12	31.25	36.88	37.56	40.52	36.79	37.86	46.77	38.88	36.46	56.71	35.19	45.56	44.52	34.27	36.09	41.13	58.24	45.14	54.58	42.17	46.30	41.55	46.91	31.95	31.18	33.22	33.53	36.59	35.39	34.66	41.30	39.52	40.22	44.98	46.79	43.84	46.79	43.70	41.73	41.61	36.70	50.50	46.71	45.08	47.37
chr22	41947971	42007811	59840	ACO2	55.99	24.22	32.98	28.28	35.16	29.33	28.80	53.79	49.22	49.90	45.48	59.10	41.07	43.08	40.26	33.54	35.72	31.65	34.69	35.17	35.56	32.76	46.08	37.66	41.58	40.46	34.66	43.71	52.31	28.11	33.46	36.25	41.05	36.51	36.15	44.71	37.66	34.51	55.08	35.30	44.73	43.96	30.81	32.98	36.89	54.33	43.77	53.72	37.07	50.21	40.80	49.96	29.76	29.20	32.42	31.29	34.30	32.24	32.67	37.27	36.00	35.90	40.06	42.90	41.23	40.83	39.42	37.20	38.74	34.99	46.73	44.01	42.88	47.83
chr22	46820410	46842039	21629	TRMU	59.16	25.75	36.58	29.47	37.48	31.26	30.29	53.02	52.49	50.37	46.69	63.21	41.98	43.03	40.95	35.17	38.22	30.55	35.99	36.62	36.62	35.49	48.00	38.86	41.28	42.26	38.05	45.18	53.62	29.12	35.02	38.71	43.87	38.30	38.69	48.36	38.12	36.25	55.21	35.68	46.95	46.67	31.26	35.05	40.00	55.43	45.13	53.84	37.72	53.19	42.70	52.77	31.77	32.85	35.04	33.15	35.68	34.80	32.77	39.33	38.62	37.32	40.44	44.74	43.14	40.74	39.05	38.27	40.33	36.66	46.86	47.02	45.33	50.24
chr22	50566060	50592775	26715	MLC1	55.06	22.93	32.64	27.87	34.69	28.26	27.19	53.10	49.41	49.32	44.84	60.36	36.97	41.39	37.63	34.11	35.10	28.56	33.14	33.77	34.37	32.75	44.61	37.58	40.19	38.49	36.39	45.41	50.38	26.34	31.52	36.14	41.74	37.92	35.09	44.66	38.07	33.59	53.88	35.43	43.83	42.27	29.72	31.62	36.28	51.95	42.31	49.56	35.34	51.98	40.45	49.96	29.30	28.94	32.81	31.06	32.13	30.81	29.43	35.14	36.11	32.93	36.63	42.69	39.36	36.89	35.10	34.71	35.77	34.25	44.26	43.51	41.79	49.88
chr22	50954192	50984219	30027	SBF1	57.16	24.05	38.04	28.42	34.36	29.55	27.81	54.89	54.34	51.67	47.11	61.48	34.76	40.70	35.42	33.57	34.57	28.81	34.40	35.90	36.02	32.84	44.44	36.56	42.49	41.06	36.87	49.75	50.02	25.81	29.94	36.51	45.44	39.25	39.18	46.87	37.59	32.81	53.43	35.44	43.68	43.13	28.42	30.60	37.32	48.98	44.47	47.68	33.85	60.14	45.74	58.02	29.49	27.51	32.92	30.96	29.40	30.77	29.79	34.48	34.61	30.38	34.34	42.60	38.70	35.41	34.60	33.58	34.89	35.28	45.67	43.89	41.58	51.98
chr22	51034132	51037007	2875	SCO2	54.10	25.81	37.36	35.21	32.07	30.60	30.23	55.64	57.87	53.90	44.60	58.92	32.47	38.72	34.54	34.93	35.55	31.73	32.14	37.02	40.43	38.18	43.40	39.07	40.35	42.41	39.27	45.72	50.04	24.58	30.06	35.92	49.82	41.97	41.01	50.77	41.52	31.10	50.36	36.06	38.55	44.28	25.39	30.11	36.27	49.91	48.26	47.28	33.98	63.85	50.64	59.21	27.46	26.75	30.74	31.02	27.22	28.59	29.70	35.64	33.94	26.09	31.87	42.94	40.23	34.57	29.36	30.64	31.61	30.98	40.94	41.08	38.00	57.43
chr22	51036316	51040646	4330	TYMP	58.19	26.02	38.16	32.38	32.56	27.42	25.32	58.23	61.30	56.96	47.42	59.97	35.36	39.47	33.64	32.91	36.96	32.57	36.42	36.91	37.19	35.88	47.79	36.62	39.28	44.36	40.13	48.97	49.34	24.08	28.05	34.62	44.24	39.48	41.89	52.63	40.05	33.02	54.03	32.37	45.25	40.87	31.37	32.72	36.17	53.54	50.60	47.66	31.34	62.33	48.65	58.20	30.54	28.12	29.49	31.15	28.06	28.35	29.21	35.60	35.60	30.34	35.32	40.12	38.58	36.23	31.95	30.98	33.34	32.54	43.02	43.96	40.67	57.40
chr22	51089490	51093377	3887	CHKB	52.84	27.69	37.08	31.46	31.18	25.00	31.09	54.95	49.13	53.14	46.22	58.98	35.90	41.88	36.59	32.22	34.00	27.70	33.81	33.68	34.08	33.78	43.25	37.71	40.47	34.82	37.97	48.63	50.13	25.07	29.56	31.51	44.72	35.66	34.76	46.70	36.98	30.59	49.40	33.46	41.80	43.48	26.58	31.63	34.95	51.07	45.14	49.20	34.66	52.27	41.42	51.45	29.10	26.35	31.52	29.44	30.74	28.93	27.60	33.68	33.45	29.82	35.65	40.62	37.22	36.50	34.10	31.05	32.66	33.66	40.74	39.44	39.18	52.21
chr22	51133296	51138663	5367	ARSA	57.17	24.28	31.58	30.96	30.12	30.06	28.05	53.71	51.38	56.25	44.48	55.90	31.85	38.21	32.76	29.45	33.36	29.26	32.11	32.58	33.05	32.16	41.71	34.19	39.91	36.67	36.55	47.34	47.97	24.22	28.19	33.12	42.00	33.89	35.10	43.38	36.23	30.33	51.13	35.54	41.35	38.74	26.51	27.44	34.61	48.37	43.47	43.31	34.33	54.01	42.01	49.66	27.22	26.91	31.98	31.45	25.12	26.97	28.46	33.08	32.33	31.59	32.32	39.92	36.83	33.52	30.63	32.28	33.16	32.55	44.59	41.92	38.41	53.23
chrX	18008222	18236232	228010	CDKL5	59.90	25.97	15.98	14.64	36.79	31.62	30.51	53.24	24.44	48.95	23.40	62.74	46.24	42.20	22.40	18.10	19.17	16.36	34.84	34.41	18.68	36.39	25.26	40.04	21.91	41.82	33.43	42.83	29.23	31.28	18.71	39.11	20.77	38.33	19.53	47.88	39.54	18.57	57.05	35.52	22.73	45.18	34.58	37.51	21.58	30.37	23.43	24.51	41.79	22.78	20.30	44.19	33.01	16.92	36.04	34.29	37.59	18.40	36.48	21.38	40.04	40.50	22.63	24.10	22.21	23.33	44.15	21.40	43.10	37.18	25.74	23.29	46.92	23.07
chrX	18926644	18944454	17810	PDHA1	59.16	27.31	17.05	16.27	37.72	32.27	31.81	53.15	26.96	51.91	25.28	63.57	43.96	45.98	22.22	19.00	19.65	17.05	37.31	36.97	19.53	35.69	25.44	38.61	23.42	41.07	35.91	45.51	28.19	31.94	18.60	38.51	21.03	38.44	20.88	47.46	40.42	18.34	60.00	37.78	23.54	47.14	34.15	36.61	22.02	30.41	24.03	29.26	41.61	25.10	20.99	47.90	32.46	17.41	36.49	34.26	38.24	19.03	36.39	20.83	39.35	38.82	22.46	23.81	23.07	24.07	44.34	20.10	42.09	36.05	26.29	23.50	46.19	24.70
chrX	21289284	21341420	52136	SMPX	61.10	28.99	16.11	16.43	36.36	32.53	33.15	53.02	24.65	49.53	22.92	63.62	46.00	42.56	22.42	18.77	19.60	16.12	34.58	35.46	19.06	37.23	26.05	39.72	21.81	40.42	35.02	43.33	29.54	31.49	19.85	40.87	20.54	38.90	19.79	49.42	39.79	18.37	57.65	36.39	22.96	45.50	35.69	38.57	21.41	30.07	22.80	18.40	43.02	23.96	20.43	46.19	34.83	16.98	36.86	35.22	37.86	18.65	36.50	21.69	40.70	40.28	22.78	25.28	22.82	23.75	44.09	21.19	43.98	37.14	26.36	24.69	46.77	23.06
chrX	24049576	24134762	85186	PDK3	59.45	26.75	16.14	15.02	36.26	31.22	30.98	52.95	23.69	49.05	23.26	62.31	46.75	42.31	21.86	18.03	19.02	16.37	35.26	34.67	18.48	36.44	25.52	39.33	22.33	42.00	33.73	42.70	28.59	31.07	18.02	39.52	20.31	38.08	19.78	47.61	39.20	18.27	56.93	35.87	22.42	45.11	34.78	37.37	21.81	30.32	23.30	25.07	42.39	23.48	19.47	46.49	32.33	16.22	36.46	33.56	37.35	17.89	35.58	21.18	40.27	40.27	22.89	24.15	22.27	23.86	43.69	20.86	42.89	36.83	25.78	23.21	47.39	23.55
chrX	30717371	32937500	2220129	DMD	61.80	28.39	15.73	15.50	37.49	33.13	32.38	53.09	24.30	49.55	24.12	64.33	48.41	41.47	23.28	18.89	19.78	16.53	35.02	34.40	19.24	38.09	26.51	40.99	22.76	43.15	33.58	42.26	30.26	32.52	19.46	40.62	20.31	38.59	20.35	50.63	39.59	18.70	57.17	35.78	23.17	45.48	36.18	38.69	22.44	31.61	23.78	16.12	44.42	22.17	20.69	43.05	34.43	17.50	37.36	35.61	38.35	18.82	37.68	22.34	41.69	42.20	23.72	25.15	23.74	24.51	46.48	22.58	45.46	38.45	26.50	24.11	48.04	23.21
chrX	39982531	40008405	25874	ATP6AP2	57.82	27.21	15.79	15.39	36.47	32.46	30.63	53.06	23.63	48.03	23.87	63.04	44.82	43.30	22.32	18.29	18.15	16.20	35.30	34.55	18.90	36.15	24.77	38.14	23.04	41.68	33.18	42.40	28.68	30.10	17.61	38.93	21.23	36.64	19.77	47.32	39.14	17.86	55.60	36.26	22.38	44.10	34.61	37.33	21.32	29.68	23.53	25.73	40.74	22.92	20.76	45.90	32.05	16.69	35.17	34.49	36.78	18.15	35.47	20.66	40.55	39.67	22.07	23.24	22.99	23.38	43.54	21.11	42.44	35.55	26.37	22.61	45.68	23.41
chrX	46600542	46624827	24285	UBA1	54.75	25.67	17.75	14.05	36.38	29.65	29.59	53.37	24.39	49.73	22.94	59.35	39.54	42.23	18.96	17.55	17.89	14.82	32.83	34.19	16.90	34.11	23.77	37.87	20.46	37.72	35.00	42.92	25.69	27.84	16.01	35.56	22.07	36.80	18.13	44.73	36.42	17.00	55.00	35.06	21.62	43.85	30.51	32.86	18.39	27.26	22.04	26.96	35.59	25.36	20.28	48.67	29.55	14.81	33.49	31.88	31.71	17.11	31.27	18.46	36.64	33.56	19.84	21.46	19.78	19.65	39.98	18.09	36.73	35.28	23.38	22.70	43.01	23.85
chrX	48486168	48512926	26758	WDR45	53.28	21.83	15.19	12.52	34.58	26.57	24.40	51.41	23.97	47.85	22.26	56.69	38.21	41.30	20.21	15.46	16.12	14.80	34.21	32.90	16.97	31.83	21.53	35.83	21.03	38.81	33.55	43.40	24.49	26.35	15.20	32.98	19.35	35.48	16.28	40.66	36.96	16.84	54.63	35.39	22.89	42.57	28.21	31.79	18.45	25.57	20.50	25.89	35.95	23.82	19.37	46.66	29.22	14.22	31.73	29.96	31.46	16.31	29.89	17.33	33.50	34.51	19.27	19.98	19.09	18.66	36.85	17.98	35.97	34.14	22.13	20.76	41.39	24.47
chrX	48662299	48676549	14250	FOXP3	55.56	26.33	17.20	14.53	32.25	28.98	29.93	53.31	24.47	48.73	21.84	58.31	37.39	39.79	17.68	15.63	16.91	14.16	31.59	32.33	16.86	33.81	20.87	35.18	20.18	37.48	34.96	43.59	26.49	27.54	15.98	35.04	20.36	37.30	18.31	45.57	35.70	16.18	51.27	32.74	22.00	40.83	30.71	31.14	17.93	25.17	20.47	24.82	33.18	25.85	20.24	50.89	27.44	15.54	31.85	30.75	30.77	15.69	29.99	17.97	32.84	32.48	18.36	20.39	18.93	19.90	36.23	17.33	34.40	34.72	22.85	21.52	42.28	23.61
chrX	52660455	52709071	48616	SMC1A	56.14	24.28	16.10	13.71	34.41	29.08	28.39	50.50	23.12	47.27	21.70	59.03	41.78	42.61	20.57	16.67	17.89	15.87	33.46	32.94	18.19	35.07	22.87	38.24	20.74	39.09	33.30	41.92	26.00	29.18	17.18	35.64	19.28	36.20	18.15	44.05	37.29	17.34	55.31	33.97	21.81	43.52	32.04	34.48	19.03	27.57	21.94	25.63	38.25	23.07	20.02	45.03	30.38	15.01	32.90	31.03	33.13	16.62	33.34	19.15	37.07	37.07	20.83	22.57	21.30	21.33	40.30	19.20	38.89	34.08	23.62	21.85	43.64	23.29
chrX	55856940	55861182	4242	UBQLN2	58.50	29.02	16.04	15.39	37.37	33.17	34.11	57.86	27.60	50.24	25.04	66.60	48.09	38.91	18.77	17.93	18.69	15.59	33.75	33.08	17.09	36.91	23.13	40.64	23.05	41.53	33.56	40.90	29.41	27.13	17.25	37.38	21.79	39.53	18.87	49.40	35.86	17.27	57.24	34.22	24.67	44.64	34.76	34.71	19.73	28.00	22.31	20.62	42.93	23.06	18.86	42.27	33.27	12.46	35.27	36.28	34.14	19.99	36.27	19.65	41.73	40.15	20.60	22.85	21.93	23.38	42.82	20.74	44.56	36.22	23.67	22.29	46.27	26.01
chrX	63341226	63460162	118936	ZC4H2	58.79	27.82	16.02	15.19	36.30	31.92	31.95	53.21	24.20	48.84	23.16	62.26	46.97	40.20	22.56	18.09	19.39	15.99	34.05	33.45	18.70	35.99	25.08	39.77	21.79	41.74	33.36	42.38	27.95	31.39	19.01	39.08	20.51	37.65	19.57	48.96	38.47	17.61	55.47	34.82	23.12	44.28	34.98	37.41	21.38	29.96	22.98	16.27	42.31	23.23	19.85	43.65	32.91	17.07	36.10	35.03	36.37	17.91	36.55	21.47	40.12	40.12	22.63	24.55	22.90	22.99	43.78	21.32	43.53	37.28	25.19	23.58	46.88	22.49
chrX	63939026	63961232	22206	LAS1L	56.88	24.96	15.10	14.11	36.12	30.22	27.83	52.90	24.92	48.76	22.68	59.26	40.25	41.92	19.33	17.29	16.93	14.77	34.47	34.16	17.44	33.24	22.46	36.88	20.99	39.18	33.37	42.75	25.37	29.51	17.54	35.94	19.96	36.51	19.45	43.71	37.50	17.22	55.88	34.07	22.75	42.87	31.53	33.79	18.92	26.58	22.42	26.14	36.09	25.02	20.42	48.43	29.87	15.49	32.72	30.91	32.88	16.26	32.15	18.25	36.72	35.15	19.22	21.48	19.67	20.63	38.82	17.39	37.77	33.29	23.85	22.08	41.89	24.27
chrX	69649326	69659597	10271	GJB1	53.74	20.83	13.98	10.88	31.80	28.71	23.25	50.02	23.43	46.96	20.97	57.03	38.45	39.45	20.54	16.02	16.36	14.82	33.91	32.76	17.34	32.34	20.96	35.23	21.29	38.33	33.31	42.15	24.23	27.91	15.82	33.30	19.75	39.34	17.15	40.79	37.29	17.14	51.33	33.36	19.88	42.24	28.66	30.83	18.09	25.67	21.05	25.76	34.37	23.60	18.55	47.28	28.46	13.22	32.30	30.39	30.98	14.88	29.97	18.13	34.43	33.52	18.55	19.47	19.58	19.10	38.16	17.84	36.28	32.25	22.66	21.38	40.46	23.44
chrX	69800458	69963776	163318	TAF1	55.62	23.94	15.11	13.50	35.53	30.08	27.50	51.54	24.31	48.33	22.09	60.19	43.18	42.26	21.53	17.67	17.82	16.08	35.06	34.33	17.72	34.20	23.44	38.34	21.31	39.60	33.68	41.96	27.34	29.54	17.83	37.26	19.68	36.92	18.56	45.07	38.67	17.80	55.88	34.74	22.42	44.49	33.09	35.37	20.47	28.08	22.40	26.07	39.42	22.75	19.90	45.27	31.39	15.69	34.11	32.24	35.49	17.38	33.61	19.73	37.39	38.70	21.31	22.39	21.58	22.34	41.53	20.01	40.17	35.58	24.44	22.47	44.11	23.10
chrX	71011735	71147812	136077	PHKA1	59.77	27.82	16.07	15.93	36.58	32.56	32.24	52.25	24.65	49.02	24.26	63.97	47.05	41.75	23.20	18.27	19.53	15.98	34.94	33.84	18.86	37.34	26.15	40.25	22.37	42.65	33.24	43.00	29.95	31.45	18.91	39.99	20.65	38.51	20.16	49.52	38.50	18.62	56.19	35.56	23.35	44.96	35.00	37.47	22.19	30.92	23.52	19.10	43.63	22.54	20.59	43.88	33.52	17.14	36.58	35.09	37.05	18.53	36.76	22.26	40.98	40.70	22.60	24.46	23.29	23.98	45.59	22.03	44.35	38.18	26.48	23.68	47.70	23.84
chrX	72854952	72967553	112601	SLC16A2	58.50	26.68	16.16	14.49	35.79	31.26	30.63	52.89	24.40	50.17	23.00	61.17	44.35	42.23	21.02	17.80	18.48	16.15	34.41	34.72	18.40	35.85	25.45	38.92	21.47	39.65	34.06	42.80	28.12	30.04	18.08	37.66	19.72	37.19	19.01	47.35	37.79	17.63	56.02	34.57	22.48	44.79	33.41	35.61	20.71	28.96	22.22	23.73	39.76	23.44	20.01	45.54	31.62	16.38	35.54	33.19	35.77	17.95	34.89	20.19	38.85	37.90	21.63	23.58	21.67	22.27	42.23	20.20	41.22	35.56	24.85	22.99	45.16	23.78
chrX	73484681	73589943	105262	ABCB7	62.46	29.28	16.89	16.36	37.54	32.71	34.14	53.47	25.33	51.10	24.29	64.30	48.11	40.32	23.48	19.39	20.04	16.27	35.04	34.08	19.53	37.62	26.60	40.72	22.62	43.52	36.06	45.26	30.53	32.42	19.40	40.75	19.73	38.97	20.55	51.41	39.76	18.75	56.32	35.63	23.67	45.60	36.44	38.72	23.09	31.30	23.77	15.78	44.51	21.99	20.59	43.49	34.34	17.16	37.37	36.39	38.24	19.37	38.11	23.00	41.83	41.85	23.60	24.93	24.11	24.75	46.97	22.93	45.79	38.13	26.90	24.33	48.31	25.60
chrX	76263303	76330626	67323	MAGT1	56.00	24.12	15.66	14.30	35.31	30.70	28.30	51.22	23.27	48.27	22.36	60.29	44.49	41.97	22.42	17.49	18.33	16.25	33.90	33.79	18.06	35.04	23.29	38.16	21.76	40.25	32.79	43.13	26.64	29.17	18.07	37.84	19.43	36.48	18.34	44.81	38.38	18.09	56.58	35.08	22.65	44.61	32.69	35.28	20.72	28.67	21.85	26.83	40.39	21.90	19.96	42.47	30.66	15.77	34.07	32.49	35.61	17.51	34.49	20.13	37.67	38.57	22.27	23.33	21.88	23.06	42.28	20.52	42.20	36.27	24.57	22.45	44.71	23.57
chrX	76345748	76485475	139727	ATP7A	60.20	26.99	15.53	15.28	37.25	32.14	30.49	52.64	24.12	49.72	23.56	64.07	45.96	42.39	23.42	18.65	19.25	16.30	35.46	34.42	18.94	36.92	25.65	40.91	22.75	42.81	33.55	43.04	29.88	31.62	18.64	39.31	19.94	38.09	20.02	47.79	39.02	18.32	57.60	35.95	22.89	45.00	35.52	37.62	21.73	30.87	23.33	24.83	42.74	22.28	20.65	43.77	33.01	16.64	35.64	34.80	37.38	18.12	35.92	21.83	40.01	41.61	22.54	24.79	23.28	23.64	45.61	22.02	43.93	37.89	26.23	23.87	46.39	23.99
chrX	76539328	76564376	25048	PGK1	59.47	26.73	16.07	15.76	35.90	31.72	31.07	53.68	24.45	51.25	23.21	62.44	46.11	43.12	21.62	17.50	19.19	16.77	35.60	34.61	19.22	37.73	23.65	39.08	21.74	40.99	34.23	42.53	29.66	30.35	18.60	39.78	21.47	37.60	19.76	49.38	38.39	18.51	56.67	35.35	22.76	44.93	34.76	36.82	20.84	29.03	21.83	22.74	40.48	22.96	20.32	46.21	32.33	15.23	35.88	34.97	36.85	18.52	35.55	21.54	41.07	39.99	22.81	23.86	22.61	23.46	45.02	21.03	43.23	36.47	26.03	24.29	46.86	24.08
chrX	99663878	99708607	44729	DRP2	57.13	26.30	16.78	14.76	35.64	30.91	30.84	55.05	25.16	50.21	22.69	61.05	42.53	42.53	20.54	17.68	17.98	15.91	33.67	33.47	18.43	34.00	24.18	37.53	20.86	39.68	34.60	42.37	27.67	29.50	17.41	38.06	19.77	37.78	19.15	47.03	38.55	17.85	55.58	35.27	22.09	43.29	32.93	34.22	19.49	28.48	22.70	24.02	39.01	23.52	19.99	46.39	30.84	15.46	34.67	33.24	34.65	17.58	33.58	20.02	38.09	37.89	20.77	22.60	21.12	21.24	41.43	19.74	40.54	35.30	24.79	22.18	43.86	23.85
chrX	99841917	99852040	10123	GLA	57.04	25.60	16.58	13.41	37.27	31.31	29.59	53.26	23.53	47.68	24.26	59.74	42.80	44.10	22.72	18.13	19.94	17.18	36.21	34.60	15.67	34.65	23.09	40.18	21.84	38.74	34.41	44.17	26.74	30.31	19.04	39.07	20.14	36.52	18.70	45.00	37.72	18.57	57.96	36.19	23.24	45.09	32.09	32.72	19.63	28.39	22.37	27.92	40.14	22.28	20.21	43.95	31.04	15.45	35.00	32.71	35.67	17.79	34.58	21.97	36.99	38.93	21.09	22.73	21.91	20.66	43.72	20.58	42.98	36.33	23.44	22.42	46.70	23.27
chrX	102223462	102239585	16123	PLP1	61.35	27.84	16.77	15.98	37.42	30.58	32.46	53.52	25.20	50.35	22.86	62.00	43.80	42.46	21.50	17.27	19.79	16.46	34.33	34.56	19.45	35.54	24.37	37.74	21.48	41.14	35.32	43.09	29.26	31.03	17.48	40.22	21.66	38.70	19.61	48.18	40.08	17.50	57.41	35.57	22.96	45.03	35.24	37.33	20.91	27.82	23.05	21.74	41.94	24.11	20.90	46.27	33.74	16.56	37.84	35.48	38.25	17.36	36.17	20.89	39.21	41.30	22.69	23.05	22.27	23.66	42.79	21.52	43.37	36.16	25.39	23.33	44.76	24.08
chrX	106065273	106087791	22518	PRPS1	58.96	26.98	16.33	15.41	36.99	31.67	29.42	51.84	24.28	49.83	24.46	60.89	44.73	43.93	21.85	17.65	18.20	16.18	36.10	36.29	17.85	35.30	23.48	38.72	22.69	41.29	33.05	44.36	27.62	30.73	17.97	37.01	20.43	36.20	19.62	46.58	40.10	18.71	56.96	36.39	23.85	43.08	33.23	36.37	21.57	28.77	22.06	27.95	41.51	24.03	19.05	46.70	33.09	15.92	34.49	33.64	35.74	18.03	33.65	20.92	38.74	39.55	22.92	23.84	22.78	23.48	42.73	21.08	43.64	36.56	25.48	22.92	46.85	23.83
chrX	118246953	118251785	4832	NDUFA1	60.75	20.65	15.07	9.24	37.24	31.35	23.26	51.54	22.66	50.40	22.58	58.21	46.32	40.34	21.82	17.01	17.85	13.23	31.41	32.36	17.83	33.38	25.47	40.94	20.70	37.90	33.99	40.89	25.85	28.41	17.22	32.41	21.53	34.71	17.98	43.81	37.37	17.79	55.78	31.64	23.63	41.51	31.56	37.81	19.92	28.54	22.81	29.35	37.34	20.97	19.87	48.34	31.30	17.34	37.53	34.20	33.93	16.41	36.51	19.13	36.03	39.32	20.97	21.35	21.38	22.38	42.04	19.74	40.58	36.62	23.52	19.97	43.80	23.46
chrX	118801612	118844815	43203	LAMP2	59.26	26.83	15.87	14.98	38.31	32.55	31.20	52.71	24.11	49.97	23.09	64.69	46.77	42.44	23.33	18.57	19.13	16.90	35.56	34.07	18.22	36.44	25.29	40.65	23.26	42.46	34.81	42.66	30.07	32.04	18.60	39.85	21.14	38.17	20.49	49.05	38.80	18.08	56.78	34.38	22.65	44.86	36.21	38.55	21.65	30.75	23.26	21.75	43.68	23.38	20.24	45.46	33.94	16.72	36.48	35.16	39.23	18.11	36.33	22.01	40.79	40.22	22.68	24.78	22.84	24.93	45.44	21.68	44.83	37.64	26.41	23.57	46.84	23.56
chrX	128448166	128484647	36481	AIFM1	56.99	24.87	15.49	13.67	35.58	29.11	28.68	50.58	23.76	47.44	22.69	60.51	43.76	41.56	21.80	18.05	18.62	15.74	34.20	35.04	18.10	34.08	24.49	38.26	20.88	40.76	34.31	42.97	27.91	30.25	17.48	36.58	21.06	36.80	18.84	44.83	38.09	17.25	56.20	34.02	22.80	44.16	33.44	36.56	20.05	28.47	22.83	25.45	39.88	22.97	19.95	47.24	31.13	15.57	35.18	33.11	35.75	17.39	34.79	20.48	37.72	38.15	22.12	23.89	22.08	22.66	41.77	20.00	40.40	35.83	25.12	22.37	44.37	23.58
chrX	134455090	134519750	64660	FHL1	58.15	26.67	15.95	14.86	36.64	31.69	31.81	52.56	24.15	48.80	23.89	62.85	46.18	41.87	22.05	17.60	19.00	16.35	35.23	35.15	18.03	37.25	25.37	38.80	21.92	40.82	34.33	42.70	29.29	30.76	17.91	39.44	20.83	38.35	19.89	48.70	38.26	18.05	56.96	35.53	22.83	44.51	34.45	36.21	21.06	30.01	22.94	23.33	42.35	23.44	20.47	47.19	32.93	16.68	36.07	33.90	36.99	18.34	36.26	21.60	39.37	40.95	22.49	23.92	22.50	23.57	43.70	20.45	42.64	37.69	25.37	23.59	45.62	22.96
chrX	148836739	148940792	104053	MTM1	60.18	27.80	16.24	15.85	36.78	31.59	31.78	53.27	23.82	49.82	23.60	63.55	45.86	42.30	22.31	18.77	18.99	16.56	34.41	34.25	18.79	36.87	25.13	40.02	21.92	40.91	32.96	42.21	29.23	32.07	18.64	39.64	20.58	38.36	19.83	48.82	38.58	18.45	56.98	34.85	22.76	45.21	35.16	37.68	21.39	30.32	23.24	21.08	42.42	23.65	20.47	45.09	34.03	16.64	36.40	34.57	37.29	18.96	36.71	21.39	40.10	40.85	22.78	24.02	23.04	23.71	44.92	21.66	43.19	37.69	26.03	23.68	47.01	23.45
chrX	149664670	149677438	12768	VMA21	64.56	25.64	15.59	14.99	35.98	34.22	30.62	51.07	26.04	48.21	22.88	62.81	46.31	43.88	24.08	18.73	19.68	15.73	35.27	35.40	19.28	36.17	25.53	41.09	23.18	43.21	35.48	46.58	30.78	30.40	17.96	39.46	21.10	39.10	21.86	48.78	39.29	19.58	59.76	35.27	22.99	45.26	33.88	36.68	22.54	29.18	24.01	25.24	42.15	24.66	20.99	47.03	34.37	17.13	36.70	36.35	37.55	19.04	36.54	23.07	41.29	42.03	21.76	24.50	23.75	22.84	43.92	22.25	43.96	39.80	26.41	25.30	47.94	23.92
chrX	151791197	151856492	65295	ATP2B3	57.92	25.71	17.78	14.42	35.61	30.00	29.70	54.42	26.68	52.42	23.94	59.42	37.58	40.64	18.54	17.10	17.83	14.40	33.47	33.94	18.41	34.91	23.40	37.10	20.44	39.40	37.56	47.44	26.66	27.19	15.69	36.22	21.91	39.04	19.25	47.90	38.25	17.09	54.42	34.57	22.72	44.02	29.99	32.16	18.00	26.03	22.45	25.17	34.95	28.11	21.42	55.51	29.43	15.42	34.90	31.84	31.18	15.96	29.91	17.93	34.75	32.87	18.79	21.22	19.68	19.28	35.54	17.25	35.69	34.60	22.73	21.98	41.97	25.71
chrX	151974157	151998050	23893	BCAP31	55.18	25.04	19.31	13.82	35.82	28.84	26.36	54.26	24.32	49.47	22.94	59.19	38.98	41.45	20.57	17.02	16.99	14.71	32.25	33.65	16.37	32.31	23.30	34.80	20.75	39.47	35.50	45.16	26.06	27.14	16.26	34.90	21.52	37.84	17.94	43.35	38.90	15.85	52.94	33.38	21.84	42.87	31.83	32.24	17.80	25.35	21.51	25.56	36.00	26.90	21.35	50.25	30.40	15.00	34.65	31.75	33.06	15.02	32.21	18.59	36.35	34.15	19.66	20.96	19.71	18.65	37.10	17.62	36.53	34.25	22.98	21.65	42.11	23.80
chrX	151998518	152018419	19901	ABCD1	55.32	27.14	19.28	15.13	36.29	29.86	29.82	57.06	27.12	51.79	23.71	61.21	37.79	41.11	19.11	16.60	18.23	14.96	34.80	34.02	17.79	35.92	23.84	36.89	20.87	39.41	36.82	47.75	25.78	27.10	15.39	36.93	23.28	39.17	19.37	46.33	39.20	16.01	54.85	35.51	22.78	44.97	30.51	31.54	18.67	24.71	22.73	24.72	35.58	28.87	22.28	55.15	30.50	15.75	34.52	32.30	31.07	16.07	29.55	17.74	36.78	31.94	18.60	21.82	20.00	19.05	35.16	17.87	37.60	32.90	22.70	23.24	42.72	26.52
chrX	152054704	152059393	4689	SRPK3	64.81	24.99	19.68	15.66	32.17	30.61	30.95	60.42	31.91	59.09	23.93	61.54	33.27	40.55	16.71	17.85	18.77	16.17	36.73	39.08	17.52	36.87	22.48	35.88	19.71	41.36	45.75	56.62	25.94	23.90	15.17	37.99	23.11	38.71	21.32	50.78	39.40	15.66	54.49	36.99	23.18	47.40	31.13	33.00	18.77	23.35	21.88	22.30	30.67	33.14	24.45	61.70	31.27	13.93	33.58	30.62	28.23	13.26	30.73	18.33	35.69	29.06	17.25	19.44	19.19	18.43	32.82	16.68	36.66	35.74	23.53	21.41	43.10	28.43
chrX	152135194	152159857	24663	L1CAM	54.43	23.67	17.55	14.56	32.60	28.67	27.42	54.77	26.35	51.79	22.73	58.72	34.72	38.61	17.88	15.86	16.58	13.55	29.73	32.67	17.62	32.45	21.10	35.57	19.10	38.06	36.74	45.17	24.17	25.09	14.78	35.29	21.53	36.51	18.05	45.21	34.87	15.78	50.85	32.74	21.62	40.94	27.57	27.75	17.63	23.13	21.37	22.40	31.67	27.64	21.22	52.24	26.70	14.15	31.58	28.85	28.91	14.72	27.97	16.50	33.46	28.96	17.26	19.82	19.35	16.53	34.25	15.90	32.81	32.64	22.19	21.56	39.31	25.88
chrX	152295253	152371375	76122	MECP2	55.89	24.97	16.56	14.90	36.85	30.15	28.24	51.46	24.31	48.93	22.38	61.27	42.31	42.62	20.95	17.58	17.80	15.70	33.93	34.32	17.61	34.11	23.44	38.15	21.35	39.92	33.76	44.15	26.03	29.17	17.18	37.04	20.53	37.17	18.45	45.47	37.41	17.61	55.33	34.90	23.04	45.12	32.54	34.52	19.79	28.28	22.31	27.01	38.14	23.79	19.34	48.05	30.30	14.65	33.77	32.87	34.89	17.24	33.23	20.15	37.31	36.76	21.23	22.06	20.49	22.37	40.85	18.84	40.01	34.61	23.46	22.06	43.69	24.60
chrX	152585063	152611166	26103	FLNA	57.47	26.36	20.12	15.93	35.74	30.99	29.87	55.11	27.73	53.94	23.56	60.01	35.98	41.03	17.05	16.23	17.86	14.24	34.08	34.68	18.75	33.63	24.32	37.88	21.32	38.97	38.67	50.10	26.06	26.33	15.45	36.32	23.92	39.50	20.30	48.64	38.29	16.50	54.82	34.85	22.02	45.70	28.47	31.47	18.93	25.17	21.72	23.53	32.80	29.73	23.24	58.19	30.22	14.88	34.09	29.99	27.49	15.73	29.40	17.33	36.00	29.99	17.73	20.96	19.93	17.07	35.16	17.59	36.03	34.59	22.59	22.13	41.54	27.30
chrX	152615837	152618066	2229	EMD	53.14	23.13	15.75	13.99	31.84	29.09	24.32	56.09	29.20	55.90	20.40	54.32	32.94	35.17	15.34	14.23	17.95	13.62	31.54	33.37	17.04	37.22	22.92	34.30	17.50	40.44	39.06	51.17	27.09	21.44	13.75	33.03	22.32	45.29	19.72	44.55	37.23	13.42	49.85	37.28	21.81	41.24	27.88	29.17	20.94	24.29	22.43	19.99	29.73	25.58	24.19	60.32	28.31	12.52	31.90	28.02	28.08	15.12	24.65	15.35	27.90	28.52	13.47	18.76	16.74	16.50	32.44	14.97	32.17	32.28	20.93	21.20	38.12	29.34
chrX	152648044	152658233	10189	TAFAZZIN	52.69	23.58	16.81	13.90	33.65	28.17	27.60	54.58	26.49	49.25	23.43	58.16	34.25	41.41	20.78	16.99	19.72	14.71	34.26	34.76	19.55	34.11	22.34	36.49	19.91	40.58	36.70	45.36	26.04	26.78	16.81	36.30	19.67	38.29	17.36	42.25	36.22	17.50	53.85	33.83	22.51	43.66	30.08	32.43	18.96	25.43	22.47	25.72	32.34	25.73	21.39	53.52	30.31	14.43	33.05	29.42	31.78	15.51	30.22	18.50	34.03	32.62	19.47	22.39	19.35	18.78	36.45	17.23	35.69	31.73	23.16	23.47	42.19	25.74
